1 1
2 1
3 1
4 2
5 1
6 1
7 3
8 2
9 1
10 3
11 1
12 2
13 3
14 1
15 3
16 4
17 3
18 1
19 3
20 2
21 3
22 5
23 1
24 2
25 5
26 1
27 3
28 4
29 1
30 1
31 7
32 6
33 1
34 3
35 1
36 4
37 5
38 3
39 1
40 4
41 1
42 7
43 3
44 4
45 5
46 7
47 3
48 2
49 7
50 1
51 1
52 8
53 1
54 3
55 3
56 4
57 3
58 7
59 5
60 2
61 5
62 3
63 9
64 10
65 1
66 5
67 7
68 2
69 1
70 3
71 3
72 6
73 5
74 1
75 5
76 8
77 7
78 3
79 3
80 4
81 1
82 9
83 1
84 2
85 11
86 1
87 5
88 4
89 1
90 1
91 3
92 6
93 5
94 11
95 1
96 2
97 13
98 1
99 1
100 4
101 3
102 11
103 5
104 4
105 1
106 3
107 7
108 10
109 9
110 7
111 3
112 8
113 1
114 3
115 9
116 4
117 3
118 3
119 1
120 10
121 5
122 5
123 5
124 4
125 5
126 3
127 19
128 16
129 5
130 5
131 1
132 6
133 9
134 1
135 1
136 14
137 9
138 3
139 11
140 4
141 3
142 9
143 5
144 4
145 5
146 1
147 3
148 10
149 3
150 7
151 3
152 6
153 3
154 3
155 1
156 2
157 19
158 1
159 3
160 4
161 5
162 11
163 7
164 4
165 11
166 7
167 3
168 8
169 9
170 19
171 3
172 8
173 1
174 1
175 11
176 4
177 3
178 13
179 1
180 2
181 7
182 9
183 1
184 8
185 3
186 1
187 7
188 6
189 1
190 19
191 1
192 8
193 17
194 1
195 5
196 4
197 3
198 9
199 15
200 2
201 7
202 9
203 3
204 2
205 5
206 3
207 3
208 4
209 1
210 1
211 5
212 12
213 5
214 9
215 5
216 6
217 13
218 3
219 3
220 12
221 1
222 9
223 3
224 2
225 13
226 11
227 23
228 6
229 11
230 1
231 1
232 18
233 1
234 5
235 7
236 10
237 5
238 5
239 1
240 14
241 9
242 7
243 1
244 4
245 1
246 7
247 15
248 4
249 3
250 3
251 1
252 6
253 5
254 1
255 29
256 30
257 3
258 3
259 3
260 2
261 1
262 13
263 11
264 2
265 7
266 11
267 3
268 4
269 5
270 1
271 3
272 16
273 1
274 7
275 3
276 8
277 13
278 1
279 7
280 14
281 1
282 21
283 15
284 2
285 5
286 3
287 5
288 4
289 5
290 3
291 3
292 30
293 1
294 7
295 3
296 4
297 19
298 3
299 1
300 12
301 11
302 5
303 1
304 8
305 3
306 1
307 23
308 4
309 1
310 7
311 13
312 4
313 13
314 7
315 7
316 4
317 19
318 9
319 5
320 10
321 3
322 21
323 1
324 4
325 21
326 1
327 3
328 22
329 1
330 1
331 19
332 14
333 3
334 7
335 7
336 14
337 11
338 1
339 9
340 4
341 31
342 11
343 7
344 6
345 3
346 21
347 3
348 12
349 9
350 1
351 11
352 8
353 3
354 1
355 7
356 10
357 13
358 3
359 1
360 8
361 21
362 11
363 3
364 6
365 11
366 3
367 13
368 4
369 3
370 15
371 1
372 6
373 7
374 3
375 1
376 16
377 11
378 1
379 9
380 2
381 13
382 31
383 3
384 2
385 33
386 1
387 23
388 14
389 5
390 7
391 7
392 16
393 1
394 3
395 9
396 14
397 13
398 1
399 5
400 14
401 9
402 9
403 3
404 2
405 3
406 3
407 3
408 10
409 39
410 1
411 1
412 26
413 1
414 1
415 7
416 8
417 3
418 15
419 1
420 2
421 13
422 11
423 5
424 10
425 3
426 1
427 23
428 2
429 1
430 13
431 1
432 6
433 9
434 3
435 5
436 12
437 7
438 1
439 3
440 8
441 1
442 9
443 1
444 28
445 13
446 3
447 3
448 8
449 7
450 7
451 21
452 6
453 1
454 5
455 5
456 4
457 13
458 3
459 3
460 10
461 3
462 11
463 7
464 2
465 9
466 3
467 19
468 4
469 5
470 1
471 5
472 30
473 1
474 17
475 3
476 14
477 3
478 9
479 5
480 6
481 7
482 7
483 1
484 14
485 5
486 5
487 23
488 2
489 9
490 17
491 1
492 6
493 9
494 7
495 1
496 34
497 3
498 3
499 17
500 14
501 5
502 9
503 3
504 2
505 17
506 11
507 13
508 14
509 1
510 3
511 55
512 52
513 5
514 7
515 1
516 4
517 13
518 7
519 1
520 4
521 3
522 9
523 3
524 4
525 3
526 15
527 3
528 36
529 9
530 1
531 1
532 8
533 5
534 3
535 31
536 6
537 11
538 3
539 3
540 4
541 7
542 21
543 1
544 12
545 1
546 3
547 23
548 4
549 7
550 3
551 19
552 32
553 11
554 1
555 7
556 8
557 7
558 1
559 3
560 4
561 1
562 11
563 7
564 2
565 13
566 3
567 3
568 4
569 5
570 5
571 29
572 16
573 7
574 3
575 1
576 4
577 23
578 9
579 5
580 24
581 7
582 9
583 3
584 4
585 1
586 13
587 5
588 4
589 7
590 5
591 9
592 8
593 1
594 11
595 19
596 4
597 3
598 43
599 7
600 4
601 5
602 31
603 5
604 18
605 3
606 1
607 11
608 8
609 3
610 9
611 1
612 8
613 5
614 1
615 1
616 8
617 23
618 1
619 9
620 14
621 9
622 9
623 25
624 8
625 11
626 3
627 11
628 4
629 1
630 15
631 3
632 8
633 5
634 7
635 35
636 8
637 33
638 1
639 1
640 14
641 1
642 49
643 21
644 4
645 1
646 11
647 23
648 2
649 13
650 1
651 1
652 20
653 1
654 13
655 9
656 6
657 3
658 7
659 1
660 22
661 19
662 11
663 3
664 4
665 3
666 15
667 23
668 4
669 5
670 5
671 5
672 6
673 5
674 3
675 9
676 38
677 3
678 3
679 27
680 2
681 3
682 63
683 1
684 2
685 13
686 1
687 15
688 14
689 3
690 1
691 3
692 16
693 41
694 3
695 3
696 8
697 29
698 19
699 3
700 4
701 3
702 9
703 15
704 2
705 5
706 11
707 7
708 40
709 31
710 11
711 3
712 14
713 1
714 17
715 7
716 4
717 23
718 3
719 1
720 12
721 29
722 13
723 1
724 20
725 1
726 1
727 19
728 10
729 3
730 3
731 15
732 6
733 11
734 21
735 3
736 4
737 5
738 5
739 19
740 4
741 1
742 21
743 1
744 2
745 9
746 1
747 13
748 10
749 1
750 5
751 5
752 18
753 5
754 3
755 1
756 14
757 13
758 11
759 17
760 12
761 1
762 27
763 3
764 4
765 1
766 59
767 7
768 6
769 49
770 13
771 1
772 8
773 37
774 1
775 9
776 8
777 3
778 5
779 1
780 10
781 5
782 11
783 1
784 4
785 1
786 5
787 31
788 4
789 3
790 29
791 1
792 6
793 5
794 3
795 7
796 10
797 13
798 3
799 23
800 4
801 7
802 9
803 1
804 4
805 7
806 31
807 19
808 14
809 1
810 1
811 3
812 16
813 3
814 7
815 13
816 4
817 33
818 1
819 3
820 4
821 7
822 9
823 11
824 20
825 19
826 9
827 23
828 18
829 17
830 31
831 1
832 30
833 1
834 1
835 3
836 4
837 5
838 21
839 13
840 4
841 23
842 17
843 41
844 4
845 9
846 1
847 43
848 2
849 3
850 19
851 3
852 54
853 5
854 7
855 3
856 16
857 7
858 7
859 5
860 4
861 3
862 13
863 7
864 30
865 9
866 1
867 3
868 12
869 3
870 1
871 9
872 6
873 1
874 9
875 5
876 12
877 47
878 11
879 1
880 4
881 11
882 13
883 19
884 6
885 9
886 5
887 9
888 24
889 9
890 11
891 1
892 54
893 1
894 3
895 7
896 4
897 3
898 3
899 33
900 36
901 25
902 5
903 5
904 18
905 5
906 9
907 15
908 4
909 5
910 3
911 1
912 14
913 19
914 7
915 3
916 8
917 3
918 3
919 3
920 4
921 9
922 35
923 1
924 6
925 13
926 17
927 13
928 4
929 5
930 1
931 9
932 6
933 1
934 27
935 1
936 2
937 9
938 1
939 1
940 34
941 3
942 31
943 19
944 4
945 19
946 15
947 3
948 8
949 11
950 1
951 3
952 48
953 1
954 3
955 25
956 4
957 3
958 7
959 3
960 22
961 21
962 25
963 5
964 10
965 1
966 3
967 35
968 6
969 7
970 3
971 3
972 6
973 13
974 1
975 1
976 46
977 19
978 5
979 3
980 6
981 21
982 9
983 9
984 4
985 59
986 1
987 5
988 4
989 1
990 7
991 3
992 46
993 1
994 49
995 7
996 2
997 41
998 1
999 3
1000 8
1001 7
1002 7
1003 11
1004 8
1005 5
1006 21
1007 27
1008 6
1009 29
1010 7
1011 9
1012 14
1013 1
1014 1
1015 3
1016 4
1017 13
1018 25
1019 1
1020 16
1021 7
1022 11
1023 93
1024 94
1025 3
1026 1
1027 23
1028 8
1029 9
1030 11
1031 1
1032 8
1033 13
1034 1
1035 31
1036 10
1037 5
1038 7
1039 33
1040 2
1041 1
1042 9
1043 1
1044 36
1045 33
1046 15
1047 3
1048 14
1049 1
1050 7
1051 3
1052 6
1053 29
1054 33
1055 1
1056 48
1057 13
1058 9
1059 5
1060 8
1061 5
1062 17
1063 3
1064 4
1065 1
1066 11
1067 23
1068 2
1069 21
1070 1
1071 21
1072 34
1073 9
1074 13
1075 5
1076 2
1077 11
1078 3
1079 29
1080 2
1081 17
1082 19
1083 3
1084 52
1085 3
1086 11
1087 23
1088 4
1089 3
1090 7
1091 3
1092 8
1093 7
1094 3
1095 9
1096 32
1097 7
1098 3
1099 7
1100 34
1101 3
1102 33
1103 1
1104 2
1105 13
1106 1
1107 3
1108 10
1109 3
1110 1
1111 43
1112 14
1113 5
1114 3
1115 5
1116 8
1117 13
1118 1
1119 1
1120 10
1121 1
1122 7
1123 9
1124 6
1125 3
1126 3
1127 63
1128 14
1129 27
1130 23
1131 31
1132 28
1133 1
1134 1
1135 3
1136 4
1137 41
1138 15
1139 7
1140 12
1141 5
1142 31
1143 3
1144 36
1145 3
1146 1
1147 43
1148 2
1149 7
1150 9
1151 7
1152 6
1153 5
1154 1
1155 1
1156 50
1157 3
1158 45
1159 3
1160 12
1161 3
1162 65
1163 3
1164 12
1165 39
1166 1
1167 3
1168 14
1169 1
1170 3
1171 21
1172 14
1173 3
1174 9
1175 25
1176 14
1177 33
1178 1
1179 57
1180 4
1181 5
1182 21
1183 5
1184 4
1185 1
1186 23
1187 7
1188 2
1189 29
1190 5
1191 3
1192 20
1193 57
1194 1
1195 3
1196 4
1197 3
1198 13
1199 1
1200 4
1201 19
1202 71
1203 3
1204 24
1205 5
1206 19
1207 23
1208 2
1209 5
1210 5
1211 1
1212 12
1213 5
1214 3
1215 19
1216 10
1217 3
1218 1
1219 7
1220 4
1221 5
1222 9
1223 1
1224 10
1225 31
1226 7
1227 3
1228 64
1229 1
1230 3
1231 3
1232 32
1233 1
1234 3
1235 9
1236 4
1237 43
1238 1
1239 5
1240 4
1241 3
1242 9
1243 3
1244 4
1245 3
1246 11
1247 7
1248 4
1249 21
1250 43
1251 1
1252 8
1253 7
1254 15
1255 19
1256 4
1257 3
1258 3
1259 7
1260 2
1261 5
1262 27
1263 9
1264 22
1265 1
1266 7
1267 23
1268 10
1269 1
1270 15
1271 1
1272 6
1273 17
1274 1
1275 1
1276 8
1277 59
1278 1
1279 3
1280 6
1281 9
1282 61
1283 17
1284 8
1285 5
1286 7
1287 5
1288 4
1289 1
1290 9
1291 31
1292 8
1293 5
1294 3
1295 1
1296 16
1297 13
1298 5
1299 9
1300 14
1301 5
1302 11
1303 9
1304 2
1305 5
1306 15
1307 3
1308 2
1309 19
1310 1
1311 7
1312 18
1313 3
1314 3
1315 3
1316 2
1317 43
1318 5
1319 23
1320 8
1321 17
1322 5
1323 1
1324 4
1325 21
1326 5
1327 15
1328 16
1329 1
1330 3
1331 1
1332 56
1333 57
1334 17
1335 3
1336 16
1337 5
1338 1
1339 9
1340 4
1341 1
1342 9
1343 17
1344 12
1345 19
1346 1
1347 13
1348 18
1349 1
1350 41
1351 19
1352 6
1353 1
1354 49
1355 1
1356 2
1357 13
1358 15
1359 1
1360 4
1361 3
1362 29
1363 7
1364 2
1365 105
1366 11
1367 3
1368 14
1369 13
1370 1
1371 5
1372 30
1373 5
1374 3
1375 9
1376 2
1377 13
1378 7
1379 31
1380 56
1381 29
1382 17
1383 3
1384 8
1385 5
1386 3
1387 23
1388 2
1389 19
1390 11
1391 15
1392 6
1393 5
1394 1
1395 3
1396 26
1397 27
1398 1
1399 5
1400 2
1401 1
1402 55
1403 5
1404 2
1405 9
1406 7
1407 3
1408 12
1409 1
1410 35
1411 3
1412 38
1413 33
1414 13
1415 3
1416 24
1417 41
1418 1
1419 5
1420 4
1421 1
1422 11
1423 47
1424 14
1425 1
1426 5
1427 11
1428 28
1429 29
1430 1
1431 9
1432 8
1433 3
1434 21
1435 15
1436 12
1437 7
1438 13
1439 1
1440 10
1441 13
1442 13
1443 1
1444 10
1445 5
1446 3
1447 19
1448 2
1449 7
1450 3
1451 1
1452 8
1453 35
1454 1
1455 13
1456 16
1457 13
1458 3
1459 15
1460 28
1461 5
1462 53
1463 1
1464 6
1465 5
1466 3
1467 3
1468 24
1469 1
1470 7
1471 45
1472 18
1473 5
1474 3
1475 3
1476 6
1477 13
1478 1
1479 3
1480 20
1481 1
1482 21
1483 21
1484 4
1485 27
1486 3
1487 33
1488 16
1489 101
1490 7
1491 7
1492 8
1493 3
1494 9
1495 7
1496 14
1497 3
1498 27
1499 1
1500 2
1501 41
1502 25
1503 11
1504 14
1505 1
1506 3
1507 23
1508 16
1509 1
1510 9
1511 1
1512 16
1513 5
1514 9
1515 25
1516 42
1517 3
1518 1
1519 23
1520 2
1521 5
1522 33
1523 7
1524 4
1525 19
1526 25
1527 13
1528 4
1529 15
1530 15
1531 7
1532 6
1533 1
1534 91
1535 3
1536 10
1537 105
1538 7
1539 1
1540 14
1541 1
1542 9
1543 17
1544 4
1545 45
1546 3
1547 3
1548 20
1549 13
1550 3
1551 3
1552 18
1553 3
1554 7
1555 19
1556 10
1557 27
1558 3
1559 1
1560 20
1561 7
1562 5
1563 3
1564 8
1565 19
1566 71
1567 27
1568 4
1569 19
1570 7
1571 5
1572 32
1573 13
1574 3
1575 5
1576 10
1577 15
1578 37
1579 19
1580 16
1581 3
1582 9
1583 1
1584 2
1585 73
1586 3
1587 29
1588 14
1589 9
1590 3
1591 3
1592 40
1593 1
1594 3
1595 29
1596 10
1597 13
1598 3
1599 13
1600 14
1601 1
1602 31
1603 7
1604 2
1605 9
1606 49
1607 7
1608 4
1609 13
1610 5
1611 3
1612 32
1613 3
1614 3
1615 5
1616 6
1617 3
1618 9
1619 5
1620 8
1621 9
1622 9
1623 5
1624 20
1625 5
1626 1
1627 53
1628 4
1629 3
1630 3
1631 11
1632 6
1633 17
1634 3
1635 3
1636 4
1637 9
1638 117
1639 7
1640 20
1641 9
1642 61
1643 3
1644 8
1645 13
1646 9
1647 3
1648 18
1649 1
1650 5
1651 7
1652 6
1653 1
1654 39
1655 21
1656 4
1657 89
1658 7
1659 1
1660 14
1661 1
1662 23
1663 3
1664 2
1665 15
1666 21
1667 13
1668 4
1669 19
1670 49
1671 3
1672 18
1673 1
1674 7
1675 3
1676 4
1677 33
1678 7
1679 1
1680 20
1681 13
1682 43
1683 57
1684 4
1685 1
1686 3
1687 15
1688 10
1689 15
1690 15
1691 5
1692 6
1693 5
1694 7
1695 15
1696 30
1697 39
1698 7
1699 9
1700 4
1701 5
1702 9
1703 1
1704 8
1705 11
1706 1
1707 63
1708 14
1709 3
1710 7
1711 15
1712 20
1713 3
1714 39
1715 13
1716 2
1717 33
1718 3
1719 11
1720 18
1721 5
1722 31
1723 5
1724 4
1725 19
1726 3
1727 7
1728 6
1729 9
1730 1
1731 3
1732 56
1733 1
1734 1
1735 23
1736 16
1737 5
1738 15
1739 19
1740 2
1741 31
1742 57
1743 3
1744 22
1745 1
1746 7
1747 23
1748 6
1749 1
1750 5
1751 19
1752 6
1753 9
1754 5
1755 1
1756 4
1757 53
1758 1
1759 21
1760 4
1761 5
1762 13
1763 1
1764 4
1765 13
1766 1
1767 13
1768 10
1769 1
1770 15
1771 11
1772 6
1773 1
1774 25
1775 3
1776 14
1777 19
1778 1
1779 1
1780 4
1781 3
1782 21
1783 23
1784 10
1785 1
1786 29
1787 43
1788 54
1789 13
1790 1
1791 1
1792 8
1793 5
1794 15
1795 119
1796 2
1797 3
1798 19
1799 3
1800 16
1801 9
1802 17
1803 3
1804 8
1805 7
1806 1
1807 83
1808 2
1809 9
1810 13
1811 1
1812 16
1813 43
1814 3
1815 3
1816 8
1817 7
1818 1
1819 3
1820 122
1821 1
1822 13
1823 5
1824 14
1825 17
1826 9
1827 43
1828 8
1829 1
1830 5
1831 21
1832 16
1833 9
1834 3
1835 1
1836 4
1837 21
1838 1
1839 7
1840 12
1841 73
1842 9
1843 3
1844 32
1845 1
1846 3
1847 7
1848 2
1849 11
1850 1
1851 7
1852 64
1853 17
1854 1
1855 3
1856 4
1857 3
1858 21
1859 1
1860 2
1861 37
1862 11
1863 1
1864 24
1865 41
1866 1
1867 15
1868 6
1869 7
1870 75
1871 3
1872 8
1873 17
1874 3
1875 35
1876 18
1877 3
1878 13
1879 9
1880 20
1881 3
1882 33
1883 1
1884 2
1885 7
1886 7
1887 37
1888 4
1889 1
1890 11
1891 43
1892 6
1893 5
1894 7
1895 11
1896 2
1897 23
1898 1
1899 3
1900 14
1901 1
1902 11
1903 9
1904 6
1905 5
1906 101
1907 63
1908 4
1909 25
1910 5
1911 3
1912 54
1913 19
1914 5
1915 3
1916 4
1917 13
1918 3
1919 3
1920 4
1921 39
1922 7
1923 1
1924 4
1925 1
1926 1
1927 131
1928 14
1929 5
1930 33
1931 1
1932 6
1933 9
1934 9
1935 15
1936 4
1937 39
1938 1
1939 17
1940 10
1941 9
1942 63
1943 5
1944 6
1945 5
1946 17
1947 23
1948 32
1949 3
1950 3
1951 3
1952 20
1953 1
1954 3
1955 1
1956 32
1957 27
1958 1
1959 1
1960 4
1961 1
1962 29
1963 37
1964 2
1965 1
1966 23
1967 3
1968 66
1969 13
1970 3
1971 9
1972 8
1973 1
1974 3
1975 11
1976 4
1977 43
1978 3
1979 3
1980 14
1981 45
1982 71
1983 1
1984 26
1985 7
1986 11
1987 23
1988 12
1989 3
1990 7
1991 5
1992 6
1993 7
1994 1
1995 13
1996 10
1997 19
1998 21
1999 43
2000 4
2001 1
2002 37
2003 1
2004 8
2005 9
2006 1
2007 23
2008 14
2009 1
2010 1
2011 7
2012 14
2013 3
2014 13
2015 3
2016 112
2017 13
2018 3
2019 17
2020 8
2021 3
2022 11
2023 9
2024 8
2025 81
2026 25
2027 7
2028 12
2029 63
2030 19
2031 5
2032 8
2033 5
2034 27
2035 9
2036 2
2037 5
2038 43
2039 1
2040 8
2041 5
2042 21
2043 5
2044 8
2045 1
2046 1
2047 179
2048 172
2049 1
2050 3
2051 3
2052 6
2053 5
2054 3
2055 1
2056 20
2057 3
2058 3
2059 3
2060 6
2061 35
2062 43
2063 1
2064 6
2065 17
2066 1
2067 3
2068 8
2069 1
2070 43
2071 3
2072 6
2073 13
2074 5
2075 9
2076 12
2077 33
2078 1
2079 1
2080 120
2081 3
2082 31
2083 7
2084 4
2085 11
2086 9
2087 5
2088 24
2089 17
2090 21
2091 13
2092 40
2093 15
2094 3
2095 49
2096 4
2097 3
2098 7
2099 37
2100 4
2101 7
2102 11
2103 37
2104 8
2105 5
2106 3
2107 27
2108 4
2109 1
2110 43
2111 5
2112 20
2113 5
2114 1
2115 1
2116 14
2117 13
2118 7
2119 15
2120 2
2121 1
2122 21
2123 11
2124 8
2125 81
2126 1
2127 13
2128 52
2129 1
2130 1
2131 31
2132 6
2133 17
2134 7
2135 7
2136 8
2137 35
2138 15
2139 3
2140 4
2141 1
2142 11
2143 35
2144 4
2145 5
2146 9
2147 3
2148 4
2149 9
2150 13
2151 45
2152 58
2153 9
2154 7
2155 5
2156 4
2157 3
2158 3
2159 9
2160 6
2161 37
2162 11
2163 1
2164 72
2165 7
2166 5
2167 35
2168 2
2169 3
2170 3
2171 7
2172 8
2173 31
2174 1
2175 7
2176 4
2177 23
2178 1
2179 3
2180 22
2181 1
2182 51
2183 19
2184 146
2185 21
2186 1
2187 9
2188 10
2189 11
2190 33
2191 7
2192 6
2193 5
2194 45
2195 1
2196 4
2197 13
2198 1
2199 3
2200 30
2201 37
2202 17
2203 43
2204 4
2205 13
2206 7
2207 3
2208 50
2209 7
2210 13
2211 3
2212 14
2213 9
2214 7
2215 15
2216 54
2217 3
2218 31
2219 5
2220 2
2221 13
2222 57
2223 1
2224 4
2225 1
2226 17
2227 27
2228 4
2229 13
2230 3
2231 1
2232 8
2233 5
2234 29
2235 5
2236 20
2237 5
2238 5
2239 3
2240 8
2241 1
2242 33
2243 21
2244 2
2245 17
2246 1
2247 27
2248 4
2249 5
2250 7
2251 15
2252 32
2253 1
2254 7
2255 3
2256 48
2257 53
2258 1
2259 3
2260 14
2261 17
2262 27
2263 5
2264 4
2265 3
2266 3
2267 3
2268 14
2269 37
2270 3
2271 9
2272 20
2273 1
2274 3
2275 23
2276 16
2277 11
2278 35
2279 5
2280 2
2281 19
2282 9
2283 3
2284 4
2285 3
2286 7
2287 55
2288 24
2289 41
2290 5
2291 1
2292 8
2293 13
2294 13
2295 1
2296 4
2297 7
2298 3
2299 147
2300 10
2301 1
2302 21
2303 5
2304 4
2305 13
2306 3
2307 13
2308 68
2309 7
2310 1
2311 39
2312 16
2313 5
2314 3
2315 7
2316 38
2317 19
2318 1
2319 1
2320 108
2321 11
2322 7
2323 3
2324 2
2325 3
2326 15
2327 25
2328 12
2329 25
2330 3
2331 3
2332 8
2333 3
2334 9
2335 7
2336 2
2337 69
2338 3
2339 1
2340 158
2341 21
2342 9
2343 15
2344 8
2345 1
2346 9
2347 23
2348 42
2349 19
2350 3
2351 1
2352 6
2353 11
2354 17
2355 57
2356 4
2357 23
2358 9
2359 15
2360 8
2361 1
2362 49
2363 3
2364 6
2365 13
2366 13
2367 3
2368 10
2369 3
2370 11
2371 47
2372 74
2373 3
2374 3
2375 5
2376 16
2377 13
2378 3
2379 3
2380 8
2381 13
2382 71
2383 9
2384 16
2385 5
2386 21
2387 9
2388 14
2389 13
2390 63
2391 1
2392 34
2393 1
2394 1
2395 7
2396 2
2397 23
2398 53
2399 1
2400 4
2401 9
2402 13
2403 9
2404 18
2405 11
2406 1
2407 15
2408 4
2409 5
2410 3
2411 23
2412 12
2413 9
2414 7
2415 1
2416 10
2417 3
2418 7
2419 63
2420 4
2421 3
2422 55
2423 3
2424 14
2425 35
2426 3
2427 11
2428 4
2429 91
2430 5
2431 3
2432 14
2433 15
2434 7
2435 5
2436 4
2437 33
2438 1
2439 33
2440 10
2441 33
2442 7
2443 17
2444 2
2445 17
2446 27
2447 23
2448 4
2449 9
2450 11
2451 1
2452 80
2453 3
2454 3
2455 3
2456 6
2457 3
2458 9
2459 1
2460 72
2461 11
2462 11
2463 5
2464 18
2465 5
2466 1
2467 23
2468 4
2469 5
2470 15
2471 1
2472 18
2473 57
2474 5
2475 1
2476 48
2477 3
2478 1
2479 23
2480 24
2481 5
2482 69
2483 1
2484 2
2485 37
2486 1
2487 5
2488 42
2489 3
2490 7
2491 89
2492 16
2493 1
2494 3
2495 31
2496 8
2497 77
2498 3
2499 7
2500 4
2501 1
2502 63
2503 3
2504 2
2505 1
2506 5
2507 19
2508 6
2509 9
2510 5
2511 1
2512 14
2513 13
2514 3
2515 49
2516 4
2517 13
2518 27
2519 1
2520 2
2521 9
2522 7
2523 15
2524 32
2525 1
2526 7
2527 43
2528 6
2529 1
2530 113
2531 3
2532 56
2533 7
2534 11
2535 7
2536 24
2537 23
2538 1
2539 3
2540 4
2541 19
2542 65
2543 1
2544 10
2545 5
2546 3
2547 3
2548 10
2549 1
2550 3
2551 23
2552 16
2553 1
2554 9
2555 3
2556 12
2557 159
2558 29
2559 1
2560 8
2561 7
2562 93
2563 15
2564 10
2565 7
2566 9
2567 23
2568 4
2569 47
2570 7
2571 5
2572 18
2573 1
2574 11
2575 19
2576 46
2577 3
2578 7
2579 15
2580 46
2581 9
2582 9
2583 3
2584 10
2585 1
2586 13
2587 21
2588 10
2589 1
2590 19
2591 13
2592 32
2593 89
2594 1
2595 3
2596 22
2597 3
2598 3
2599 3
2600 4
2601 17
2602 9
2603 29
2604 12
2605 19
2606 7
2607 13
2608 8
2609 11
2610 3
2611 3
2612 26
2613 1
2614 21
2615 1
2616 4
2617 13
2618 7
2619 11
2620 4
2621 5
2622 9
2623 15
2624 6
2625 9
2626 13
2627 7
2628 8
2629 37
2630 1
2631 7
2632 64
2633 7
2634 3
2635 33
2636 2
2637 9
2638 3
2639 7
2640 2
2641 7
2642 73
2643 5
2644 32
2645 29
2646 5
2647 35
2648 8
2649 5
2650 47
2651 1
2652 6
2653 13
2654 1
2655 9
2656 24
2657 3
2658 27
2659 7
2660 12
2661 3
2662 25
2663 5
2664 8
2665 73
2666 1
2667 19
2668 14
2669 13
2670 23
2671 23
2672 16
2673 27
2674 3
2675 1
2676 6
2677 135
2678 3
2679 13
2680 4
2681 7
2682 31
2683 7
2684 14
2685 13
2686 17
2687 15
2688 10
2689 13
2690 5
2691 9
2692 8
2693 1
2694 7
2695 5
2696 4
2697 13
2698 83
2699 1
2700 12
2701 73
2702 9
2703 1
2704 38
2705 3
2706 3
2707 15
2708 2
2709 129
2710 15
2711 19
2712 68
2713 25
2714 9
2715 1
2716 16
2717 3
2718 3
2719 25
2720 10
2721 1
2722 25
2723 3
2724 6
2725 9
2726 23
2727 3
2728 14
2729 3
2730 201
2731 7
2732 16
2733 21
2734 3
2735 5
2736 14
2737 37
2738 1
2739 1
2740 30
2741 1
2742 9
2743 19
2744 10
2745 9
2746 7
2747 33
2748 4
2749 19
2750 1
2751 3
2752 8
2753 1
2754 5
2755 9
2756 6
2757 39
2758 7
2759 1
2760 2
2761 9
2762 57
2763 1
2764 26
2765 7
2766 3
2767 47
2768 38
2769 3
2770 3
2771 21
2772 6
2773 19
2774 7
2775 57
2776 22
2777 33
2778 1
2779 47
2780 4
2781 1
2782 33
2783 3
2784 12
2785 11
2786 1
2787 11
2788 14
2789 3
2790 45
2791 3
2792 6
2793 21
2794 11
2795 1
2796 14
2797 13
2798 7
2799 3
2800 4
2801 11
2802 9
2803 59
2804 4
2805 19
2806 3
2807 3
2808 20
2809 5
2810 59
2811 1
2812 14
2813 35
2814 43
2815 3
2816 10
2817 15
2818 3
2819 1
2820 10
2821 91
2822 11
2823 1
2824 8
2825 1
2826 3
2827 63
2828 2
2829 1
2830 49
2831 5
2832 8
2833 9
2834 13
2835 3
2836 54
2837 5
2838 13
2839 37
2840 14
2841 1
2842 9
2843 5
2844 4
2845 17
2846 1
2847 19
2848 18
2849 5
2850 1
2851 3
2852 14
2853 7
2854 9
2855 5
2856 30
2857 77
2858 1
2859 35
2860 4
2861 5
2862 29
2863 9
2864 26
2865 13
2866 71
2867 27
2868 12
2869 9
2870 1
2871 1
2872 8
2873 3
2874 1
2875 9
2876 4
2877 3
2878 9
2879 3
2880 8
2881 61
2882 13
2883 29
2884 32
2885 3
2886 11
2887 73
2888 16
2889 1
2890 13
2891 1
2892 34
2893 17
2894 3
2895 1
2896 4
2897 23
2898 89
2899 7
2900 2
2901 5
2902 49
2903 1
2904 16
2905 13
2906 1
2907 15
2908 18
2909 5
2910 15
2911 5
2912 14
2913 1
2914 9
2915 11
2916 22
2917 13
2918 7
2919 1
2920 22
2921 1
2922 9
2923 3
2924 2
2925 1
2926 3
2927 3
2928 2
2929 71
2930 5
2931 63
2932 54
2933 7
2934 1
2935 15
2936 4
2937 7
2938 5
2939 1
2940 4
2941 13
2942 9
2943 5
2944 58
2945 11
2946 3
2947 15
2948 2
2949 5
2950 27
2951 1
2952 26
2953 13
2954 3
2955 33
2956 96
2957 43
2958 15
2959 3
2960 34
2961 1
2962 13
2963 1
2964 8
2965 7
2966 7
2967 3
2968 4
2969 1
2970 31
2971 21
2972 56
2973 9
2974 7
2975 7
2976 6
2977 93
2978 15
2979 3
2980 4
2981 49
2982 9
2983 79
2984 28
2985 5
2986 21
2987 5
2988 10
2989 5
2990 13
2991 11
2992 118
2993 1
2994 21
2995 3
2996 6
2997 33
2998 7
2999 5
3000 70
3001 13
3002 21
3003 3
3004 22
3005 1
3006 5
3007 19
3008 4
3009 5
3010 15
3011 3
3012 52
3013 21
3014 1
3015 11
3016 16
3017 19
3018 3
3019 57
3020 4
3021 19
3022 73
3023 1
3024 4
3025 13
3026 1
3027 13
3028 72
3029 9
3030 9
3031 21
3032 6
3033 1
3034 23
3035 3
3036 2
3037 17
3038 3
3039 3
3040 4
3041 17
3042 25
3043 3
3044 4
3045 3
3046 5
3047 13
3048 30
3049 13
3050 1
3051 5
3052 34
3053 7
3054 11
3055 71
3056 2
3057 3
3058 3
3059 9
3060 4
3061 33
3062 11
3063 3
3064 10
3065 1
3066 3
3067 23
3068 8
3069 5
3070 187
3071 1
3072 6
3073 157
3074 21
3075 3
3076 8
3077 3
3078 3
3079 3
3080 22
3081 3
3082 35
3083 25
3084 10
3085 23
3086 1
3087 41
3088 26
3089 3
3090 5
3091 15
3092 6
3093 3
3094 3
3095 57
3096 4
3097 23
3098 1
3099 1
3100 30
3101 1
3102 55
3103 3
3104 4
3105 1
3106 91
3107 43
3108 6
3109 17
3110 5
3111 155
3112 14
3113 3
3114 1
3115 19
3116 4
3117 117
3118 45
3119 5
3120 2
3121 5
3122 41
3123 1
3124 4
3125 15
3126 27
3127 23
3128 2
3129 5
3130 3
3131 1
3132 8
3133 73
3134 1
3135 3
3136 54
3137 37
3138 1
3139 41
3140 16
3141 5
3142 9
3143 1
3144 78
3145 19
3146 21
3147 3
3148 4
3149 1
3150 3
3151 21
3152 72
3153 19
3154 5
3155 1
3156 4
3157 13
3158 1
3159 13
3160 86
3161 1
3162 25
3163 97
3164 2
3165 5
3166 3
3167 23
3168 22
3169 97
3170 7
3171 1
3172 18
3173 9
3174 5
3175 23
3176 8
3177 167
3178 15
3179 1
3180 60
3181 19
3182 17
3183 1
3184 14
3185 7
3186 1
3187 47
3188 16
3189 1
3190 7
3191 3
3192 6
3193 9
3194 1
3195 9
3196 4
3197 3
3198 1
3199 15
3200 6
3201 33
3202 63
3203 7
3204 32
3205 5
3206 5
3207 3
3208 32
3209 5
3210 3
3211 3
3212 82
3213 3
3214 43
3215 7
3216 22
3217 85
3218 29
3219 5
3220 24
3221 5
3222 9
3223 39
3224 8
3225 3
3226 7
3227 3
3228 4
3229 5
3230 15
3231 9
3232 28
3233 7
3234 1
3235 5
3236 2
3237 41
3238 77
3239 55
3240 8
3241 5
3242 7
3243 7
3244 42
3245 1
3246 23
3247 51
3248 40
3249 9
3250 9
3251 5
3252 6
3253 83
3254 7
3255 5
3256 8
3257 3
3258 13
3259 23
3260 4
3261 9
3262 35
3263 3
3264 64
3265 9
3266 25
3267 3
3268 10
3269 3
3270 19
3271 11
3272 54
3273 1
3274 9
3275 1
3276 28
3277 23
3278 3
3279 29
3280 8
3281 17
3282 31
3283 9
3284 4
3285 5
3286 25
3287 5
3288 2
3289 53
3290 5
3291 3
3292 18
3293 3
3294 3
3295 7
3296 4
3297 3
3298 11
3299 1
3300 14
3301 69
3302 111
3303 1
3304 10
3305 73
3306 7
3307 53
3308 6
3309 1
3310 3
3311 3
3312 16
3313 5
3314 3
3315 5
3316 34
3317 7
3318 1
3319 3
3320 16
3321 117
3322 9
3323 9
3324 40
3325 29
3326 1
3327 7
3328 8
3329 1
3330 3
3331 3
3332 40
3333 9
3334 119
3335 29
3336 6
3337 37
3338 3
3339 21
3340 14
3341 5
3342 9
3343 5
3344 8
3345 1
3346 13
3347 23
3348 38
3349 23
3350 1
3351 1
3352 20
3353 9
3354 1
3355 3
3356 8
3357 19
3358 3
3359 1
3360 8
3361 13
3362 11
3363 19
3364 4
3365 19
3366 1
3367 19
3368 2
3369 3
3370 21
3371 3
3372 8
3373 13
3374 47
3375 15
3376 10
3377 39
3378 9
3379 7
3380 4
3381 1
3382 179
3383 3
3384 8
3385 29
3386 11
3387 9
3388 38
3389 1
3390 1
3391 67
3392 8
3393 13
3394 63
3395 5
3396 4
3397 75
3398 11
3399 5
3400 4
3401 1
3402 7
3403 3
3404 4
3405 9
3406 7
3407 13
3408 36
3409 9
3410 3
3411 1
3412 112
3413 1
3414 1
3415 21
3416 2
3417 3
3418 21
3419 5
3420 4
3421 37
3422 11
3423 5
3424 8
3425 43
3426 27
3427 63
3428 4
3429 3
3430 7
3431 1
3432 6
3433 103
3434 1
3435 5
3436 8
3437 21
3438 5
3439 3
3440 4
3441 1
3442 55
3443 5
3444 2
3445 5
3446 21
3447 13
3448 22
3449 1
3450 5
3451 21
3452 6
3453 1
3454 15
3455 1
3456 24
3457 13
3458 1
3459 19
3460 12
3461 19
3462 29
3463 3
3464 20
3465 9
3466 3
3467 119
3468 8
3469 67
3470 43
3471 15
3472 8
3473 1
3474 1
3475 135
3476 12
3477 13
3478 5
3479 7
3480 6
3481 37
3482 17
3483 3
3484 8
3485 1
3486 5
3487 107
3488 2
3489 7
3490 9
3491 1
3492 48
3493 33
3494 31
3495 1
3496 106
3497 7
3498 3
3499 3
3500 14
3501 3
3502 9
3503 25
3504 10
3505 35
3506 1
3507 13
3508 4
3509 1
3510 13
3511 7
3512 30
3513 1
3514 35
3515 13
3516 14
3517 41
3518 7
3519 1
3520 10
3521 1
3522 7
3523 11
3524 14
3525 21
3526 51
3527 19
3528 18
3529 29
3530 7
3531 9
3532 50
3533 3
3534 1
3535 3
3536 10
3537 11
3538 115
3539 1
3540 30
3541 11
3542 201
3543 5
3544 14
3545 23
3546 11
3547 63
3548 16
3549 15
3550 7
3551 1
3552 50
3553 9
3554 1
3555 5
3556 4
3557 7
3558 3
3559 55
3560 8
3561 5
3562 19
3563 1
3564 4
3565 5
3566 3
3567 3
3568 72
3569 7
3570 15
3571 11
3572 86
3573 7
3574 7
3575 11
3576 4
3577 27
3578 7
3579 1
3580 162
3581 23
3582 9
3583 3
3584 4
3585 7
3586 5
3587 105
3588 2
3589 13
3590 7
3591 3
3592 8
3593 1
3594 33
3595 21
3596 2
3597 3
3598 3
3599 5
3600 20
3601 9
3602 25
3603 1
3604 24
3605 1
3606 3
3607 143
3608 4
3609 1
3610 9
3611 31
3612 22
3613 63
3614 1
3615 17
3616 16
3617 3
3618 1
3619 49
3620 6
3621 1
3622 55
3623 1
3624 4
3625 5
3626 1
3627 3
3628 14
3629 37
3630 11
3631 7
3632 6
3633 11
3634 3
3635 7
3636 8
3637 33
3638 3
3639 11
3640 8
3641 1
3642 21
3643 9
3644 6
3645 3
3646 55
3647 7
3648 2
3649 29
3650 5
3651 13
3652 8
3653 1
3654 7
3655 3
3656 4
3657 41
3658 17
3659 3
3660 6
3661 9
3662 11
3663 17
3664 14
3665 1
3666 3
3667 23
3668 8
3669 5
3670 3
3671 9
3672 106
3673 21
3674 1
3675 7
3676 80
3677 7
3678 7
3679 19
3680 104
3681 11
3682 9
3683 3
3684 6
3685 89
3686 9
3687 7
3688 4
3689 7
3690 13
3691 9
3692 14
3693 9
3694 5
3695 3
3696 28
3697 89
3698 11
3699 67
3700 4
3701 29
3702 9
3703 7
3704 10
3705 1
3706 23
3707 3
3708 2
3709 13
3710 43
3711 21
3712 60
3713 3
3714 13
3715 3
3716 2
3717 3
3718 15
3719 7
3720 8
3721 7
3722 7
3723 3
3724 8
3725 1
3726 49
3727 23
3728 2
3729 1
3730 7
3731 11
3732 6
3733 13
3734 25
3735 43
3736 8
3737 23
3738 1
3739 15
3740 4
3741 7
3742 21
3743 19
3744 16
3745 13
3746 19
3747 3
3748 54
3749 1
3750 29
3751 87
3752 14
3753 1
3754 3
3755 23
3756 94
3757 13
3758 1
3759 29
3760 18
3761 1
3762 29
3763 43
3764 4
3765 5
3766 23
3767 23
3768 6
3769 9
3770 1
3771 19
3772 8
3773 1
3774 1
3775 5
3776 14
3777 3
3778 19
3779 1
3780 2
3781 5
3782 55
3783 13
3784 8
3785 9
3786 1
3787 55
3788 4
3789 13
3790 27
3791 1
3792 56
3793 31
3794 1
3795 1
3796 4
3797 35
3798 3
3799 19
3800 34
3801 1
3802 55
3803 1
3804 8
3805 31
3806 23
3807 3
3808 4
3809 5
3810 1
3811 35
3812 48
3813 3
3814 3
3815 3
3816 20
3817 13
3818 3
3819 3
3820 24
3821 1
3822 9
3823 3
3824 2
3825 7
3826 3
3827 3
3828 32
3829 19
3830 3
3831 9
3832 148
3833 105
3834 1
3835 3
3836 2
3837 11
3838 7
3839 9
3840 2
3841 13
3842 31
3843 1
3844 24
3845 1
3846 11
3847 99
3848 10
3849 3
3850 45
3851 1
3852 38
3853 17
3854 21
3855 7
3856 8
3857 3
3858 1
3859 19
3860 58
3861 3
3862 13
3863 1
3864 4
3865 11
3866 33
3867 179
3868 4
3869 7
3870 3
3871 23
3872 6
3873 19
3874 49
3875 25
3876 12
3877 23
3878 1
3879 1
3880 14
3881 3
3882 17
3883 5
3884 32
3885 9
3886 3
3887 9
3888 20
3889 33
3890 83
3891 7
3892 20
3893 3
3894 1
3895 13
3896 4
3897 3
3898 23
3899 3
3900 6
3901 19
3902 21
3903 5
3904 14
3905 9
3906 25
3907 23
3908 4
3909 5
3910 21
3911 1
3912 20
3913 5
3914 1
3915 13
3916 14
3917 3
3918 7
3919 43
3920 4
3921 57
3922 9
3923 15
3924 4
3925 5
3926 1
3927 3
3928 26
3929 3
3930 5
3931 3
3932 20
3933 9
3934 21
3935 5
3936 6
3937 43
3938 1
3939 1
3940 8
3941 1
3942 9
3943 9
3944 10
3945 5
3946 7
3947 7
3948 6
3949 5
3950 1
3951 9
3952 124
3953 1
3954 3
3955 7
3956 12
3957 3
3958 63
3959 1
3960 8
3961 25
3962 11
3963 3
3964 26
3965 17
3966 1
3967 13
3968 2
3969 5
3970 3
3971 5
3972 8
3973 11
3974 1
3975 1
3976 54
3977 27
3978 115
3979 15
3980 4
3981 3
3982 21
3983 67
3984 14
3985 49
3986 23
3987 43
3988 4
3989 3
3990 3
3991 5
3992 16
3993 9
3994 3
3995 7
3996 4
3997 113
3998 7
3999 5
4000 124
4001 11
4002 13
4003 47
4004 2
4005 3
4006 7
4007 33
4008 2
4009 19
4010 9
4011 33
4012 14
4013 3
4014 35
4015 3
4016 16
4017 3
4018 23
4019 1
4020 32
4021 9
4022 9
4023 5
4024 4
4025 5
4026 1
4027 15
4028 4
4029 3
4030 35
4031 7
4032 156
4033 25
4034 1
4035 17
4036 30
4037 33
4038 11
4039 3
4040 8
4041 5
4042 37
4043 1
4044 2
4045 29
4046 1
4047 3
4048 4
4049 45
4050 81
4051 119
4052 6
4053 27
4054 31
4055 1
4056 30
4057 13
4058 1
4059 49
4060 4
4061 1
4062 21
4063 77
4064 10
4065 3
4066 3
4067 7
4068 8
4069 5
4070 15
4071 5
4072 30
4073 1
4074 33
4075 45
4076 10
4077 27
4078 3
4079 5
4080 20
4081 11
4082 9
4083 3
4084 8
4085 1
4086 3
4087 59
4088 72
4089 1
4090 9
4091 7
4092 6
4093 5
4094 11
4095 315
4096 316
4097 13
4098 5
4099 17
4100 4
4101 29
4102 9
4103 7
4104 4
4105 37
4106 7
4107 27
4108 22
4109 1
4110 1
4111 3
4112 14
4113 61
4114 15
4115 1
4116 4
4117 47
4118 1
4119 9
4120 14
4121 1
4122 93
4123 7
4124 24
4125 7
4126 21
4127 69
4128 4
4129 5
4130 7
4131 1
4132 34
4133 11
4134 1
4135 17
4136 4
4137 79
4138 63
4139 5
4140 16
4141 169
4142 91
4143 3
4144 48
4145 1
4146 1
4147 43
4148 2
4149 11
4150 7
4151 5
4152 88
4153 19
4154 3
4155 1
4156 14
4157 3
4158 27
4159 9
4160 160
4161 23
4162 53
4163 3
4164 2
4165 5
4166 31
4167 3
4168 48
4169 7
4170 7
4171 15
4172 6
4173 5
4174 45
4175 9
4176 18
4177 13
4178 11
4179 7
4180 8
4181 1
4182 9
4183 3
4184 4
4185 13
4186 7
4187 7
4188 6
4189 75
4190 13
4191 3
4192 76
4193 1
4194 3
4195 3
4196 36
4197 27
4198 7
4199 3
4200 34
4201 5
4202 21
4203 17
4204 4
4205 3
4206 3
4207 91
4208 4
4209 3
4210 13
4211 1
4212 26
4213 5
4214 1
4215 1
4216 22
4217 183
4218 9
4219 19
4220 4
4221 1
4222 9
4223 1
4224 14
4225 19
4226 3
4227 23
4228 4
4229 5
4230 5
4231 95
4232 6
4233 1
4234 5
4235 25
4236 16
4237 77
4238 5
4239 5
4240 84
4241 11
4242 7
4243 21
4244 6
4245 5
4246 9
4247 7
4248 6
4249 73
4250 5
4251 3
4252 52
4253 3
4254 19
4255 3
4256 2
4257 13
4258 13
4259 17
4260 2
4261 7
4262 225
4263 1
4264 4
4265 5
4266 9
4267 23
4268 4
4269 1
4270 135
4271 1
4272 36
4273 41
4274 3
4275 5
4276 4
4277 13
4278 7
4279 7
4280 4
4281 1
4282 33
4283 3
4284 38
4285 85
4286 1
4287 11
4288 44
4289 3
4290 13
4291 3
4292 32
4293 15
4294 25
4295 13
4296 14
4297 13
4298 1
4299 1
4300 8
4301 3
4302 9
4303 59
4304 8
4305 13
4306 21
4307 7
4308 8
4309 33
4310 9
4311 1
4312 18
4313 1
4314 3
4315 31
4316 14
4317 33
4318 3
4319 3
4320 2
4321 31
4322 139
4323 1
4324 20
4325 13
4326 7
4327 35
4328 4
4329 5
4330 3
4331 1
4332 6
4333 13
4334 1
4335 13
4336 14
4337 5
4338 1
4339 9
4340 70
4341 13
4342 51
4343 89
4344 2
4345 5
4346 1
4347 13
4348 18
4349 1
4350 23
4351 7
4352 6
4353 3
4354 3
4355 67
4356 12
4357 23
4358 3
4359 3
4360 92
4361 81
4362 11
4363 3
4364 72
4365 1
4366 37
4367 3
4368 2
4369 27
4370 1
4371 33
4372 34
4373 1
4374 99
4375 7
4376 2
4377 19
4378 43
4379 3
4380 12
4381 57
4382 25
4383 3
4384 14
4385 5
4386 15
4387 83
4388 4
4389 3
4390 3
4391 1
4392 28
4393 13
4394 13
4395 3
4396 8
4397 3
4398 5
4399 9
4400 6
4401 1
4402 9
4403 1
4404 4
4405 39
4406 3
4407 47
4408 4
4409 1
4410 1
4411 19
4412 22
4413 97
4414 73
4415 5
4416 14
4417 51
4418 1
4419 1
4420 14
4421 3
4422 31
4423 5
4424 2
4425 3
4426 9
4427 23
4428 12
4429 13
4430 1
4431 3
4432 20
4433 1
4434 9
4435 3
4436 4
4437 15
4438 9
4439 63
4440 4
4441 31
4442 49
4443 1
4444 4
4445 5
4446 3
4447 43
4448 104
4449 5
4450 35
4451 7
4452 56
4453 9
4454 11
4455 33
4456 82
4457 3
4458 71
4459 7
4460 34
4461 1
4462 95
4463 9
4464 18
4465 33
4466 1
4467 3
4468 168
4469 3
4470 3
4471 21
4472 16
4473 3
4474 19
4475 1
4476 8
4477 19
4478 59
4479 19
4480 8
4481 1
4482 9
4483 25
4484 4
4485 1
4486 11
4487 5
4488 4
4489 37
4490 3
4491 7
4492 8
4493 31
4494 9
4495 37
4496 8
4497 131
4498 3
4499 1
4500 4
4501 5
4502 73
4503 1
4504 116
4505 1
4506 3
4507 63
4508 136
4509 3
4510 29
4511 13
4512 8
4513 23
4514 1
4515 7
4516 4
4517 23
4518 5
4519 9
4520 10
4521 3
4522 37
4523 7
4524 2
4525 33
4526 3
4527 11
4528 4
4529 1
4530 57
4531 23
4532 40
4533 3
4534 3
4535 5
4536 46
4537 47
4538 11
4539 9
4540 12
4541 7
4542 9
4543 23
4544 6
4545 5
4546 69
4547 19
4548 4
4549 67
4550 3
4551 1
4552 8
4553 3
4554 3
4555 3
4556 6
4557 3
4558 35
4559 3
4560 8
4561 5
4562 19
4563 1
4564 14
4565 109
4566 3
4567 79
4568 8
4569 135
4570 19
4571 11
4572 18
4573 13
4574 3
4575 1
4576 24
4577 7
4578 7
4579 75
4580 2
4581 21
4582 33
4583 13
4584 6
4585 7
4586 1
4587 5
4588 42
4589 5
4590 1
4591 31
4592 8
4593 3
4594 11
4595 23
4596 6
4597 13
4598 7
4599 1
4600 4
4601 1
4602 9
4603 127
4604 4
4605 81
4606 9
4607 39
4608 14
4609 21
4610 1
4611 5
4612 158
4613 1
4614 3
4615 19
4616 4
4617 3
4618 3
4619 1
4620 4
4621 39
4622 13
4623 89
4624 4
4625 5
4626 11
4627 27
4628 2
4629 3
4630 27
4631 7
4632 82
4633 9
4634 21
4635 85
4636 136
4637 23
4638 3
4639 5
4640 8
4641 1
4642 9
4643 11
4644 10
4645 61
4646 1
4647 23
4648 38
4649 5
4650 7
4651 9
4652 6
4653 5
4654 9
4655 1
4656 8
4657 23
4658 7
4659 1
4660 8
4661 1
4662 11
4663 15
4664 4
4665 43
4666 49
4667 3
4668 4
4669 31
4670 1
4671 1
4672 68
4673 3
4674 1
4675 7
4676 4
4677 3
4678 3
4679 7
4680 8
4681 41
4682 7
4683 19
4684 10
4685 1
4686 33
4687 11
4688 4
4689 9
4690 9
4691 3
4692 6
4693 19
4694 29
4695 1
4696 54
4697 3
4698 1
4699 203
4700 26
4701 3
4702 69
4703 5
4704 4
4705 9
4706 13
4707 13
4708 54
4709 1
4710 1
4711 11
4712 56
4713 5
4714 13
4715 5
4716 2
4717 89
4718 1
4719 3
4720 22
4721 15
4722 13
4723 9
4724 4
4725 7
4726 13
4727 87
4728 16
4729 17
4730 5
4731 3
4732 38
4733 1
4734 7
4735 109
4736 4
4737 5
4738 23
4739 1
4740 10
4741 33
4742 17
4743 3
4744 10
4745 1
4746 3
4747 23
4748 2
4749 9
4750 3
4751 43
4752 6
4753 5
4754 49
4755 15
4756 182
4757 13
4758 15
4759 9
4760 20
4761 9
4762 77
4763 5
4764 16
4765 19
4766 1
4767 3
4768 24
4769 1
4770 9
4771 7
4772 8
4773 1
4774 5
4775 1
4776 14
4777 113
4778 3
4779 5
4780 4
4781 9
4782 9
4783 7
4784 4
4785 5
4786 59
4787 5
4788 16
4789 21
4790 15
4791 9
4792 18
4793 1
4794 15
4795 9
4796 6
4797 13
4798 33
4799 23
4800 4
4801 35
4802 107
4803 13
4804 4
4805 3
4806 1
4807 83
4808 4
4809 1
4810 11
4811 17
4812 42
4813 5
4814 1
4815 3
4816 26
4817 23
4818 13
4819 67
4820 34
4821 1
4822 21
4823 3
4824 24
4825 9
4826 11
4827 3
4828 30
4829 3
4830 1
4831 11
4832 16
4833 5
4834 9
4835 3
4836 12
4837 53
4838 1
4839 1
4840 8
4841 3
4842 31
4843 7
4844 2
4845 49
4846 7
4847 33
4848 4
4849 13
4850 19
4851 11
4852 8
4853 17
4854 285
4855 21
4856 4
4857 13
4858 13
4859 113
4860 12
4861 17
4862 11
4863 5
4864 14
4865 3
4866 1
4867 27
4868 14
4869 3
4870 13
4871 1
4872 6
4873 57
4874 1
4875 15
4876 16
4877 3
4878 3
4879 3
4880 10
4881 5
4882 127
4883 1
4884 4
4885 9
4886 65
4887 33
4888 10
4889 57
4890 15
4891 7
4892 14
4893 3
4894 33
4895 1
4896 10
4897 13
4898 7
4899 5
4900 22
4901 1
4902 31
4903 9
4904 38
4905 3
4906 7
4907 91
4908 6
4909 7
4910 15
4911 9
4912 26
4913 7
4914 7
4915 235
4916 2
4917 23
4918 11
4919 1
4920 14
4921 57
4922 9
4923 15
4924 26
4925 1
4926 3
4927 171
4928 2
4929 1
4930 9
4931 5
4932 6
4933 23
4934 3
4935 1
4936 22
4937 7
4938 13
4939 23
4940 52
4941 1
4942 9
4943 1
4944 54
4945 43
4946 11
4947 3
4948 4
4949 5
4950 1
4951 11
4952 18
4953 1
4954 11
4955 19
4956 16
4957 13
4958 3
4959 161
4960 4
4961 1
4962 83
4963 59
4964 34
4965 3
4966 63
4967 3
4968 20
4969 9
4970 1
4971 5
4972 236
4973 19
4974 1
4975 19
4976 6
4977 33
4978 3
4979 13
4980 22
4981 17
4982 11
4983 1
4984 4
4985 5
4986 3
4987 67
4988 4
4989 5
4990 5
4991 3
4992 6
4993 5
4994 3
4995 9
4996 46
4997 7
4998 15
4999 35
5000 14
5001 69
5002 33
5003 1
5004 6
5005 9
5006 29
5007 15
5008 30
5009 19
5010 11
5011 131
5012 28
5013 11
5014 7
5015 13
5016 28
5017 29
5018 1
5019 3
5020 4
5021 7
5022 35
5023 19
5024 6
5025 5
5026 7
5027 11
5028 24
5029 9
5030 5
5031 3
5032 94
5033 1
5034 1
5035 11
5036 4
5037 107
5038 3
5039 1
5040 22
5041 41
5042 19
5043 25
5044 34
5045 1
5046 1
5047 115
5048 10
5049 1
5050 157
5051 1
5052 18
5053 11
5054 7
5055 1
5056 4
5057 35
5058 21
5059 7
5060 6
5061 3
5062 19
5063 41
5064 8
5065 31
5066 1
5067 3
5068 40
5069 1
5070 1
5071 35
5072 6
5073 17
5074 13
5075 1
5076 20
5077 13
5078 3
5079 3
5080 12
5081 1
5082 9
5083 15
5084 62
5085 5
5086 31
5087 43
5088 16
5089 47
5090 1
5091 5
5092 114
5093 3
5094 3
5095 21
5096 2
5097 3
5098 21
5099 31
5100 2
5101 13
5102 81
5103 3
5104 14
5105 5
5106 13
5107 15
5108 38
5109 5
5110 3
5111 1
5112 20
5113 17
5114 7
5115 5
5116 30
5117 187
5118 13
5119 3
5120 26
5121 9
5122 189
5123 1
5124 16
5125 35
5126 1
5127 13
5128 8
5129 1
5130 179
5131 21
5132 6
5133 1
5134 43
5135 1
5136 2
5137 41
5138 25
5139 11
5140 8
5141 77
5142 31
5143 49
5144 2
5145 57
5146 27
5147 43
5148 10
5149 5
5150 1
5151 3
5152 50
5153 9
5154 27
5155 9
5156 2
5157 3
5158 33
5159 5
5160 2
5161 43
5162 13
5163 5
5164 14
5165 1
5166 9
5167 63
5168 8
5169 27
5170 7
5171 1
5172 6
5173 9
5174 15
5175 7
5176 54
5177 153
5178 1
5179 5
5180 6
5181 43
5182 21
5183 9
5184 8
5185 13
5186 37
5187 7
5188 22
5189 5
5190 5
5191 3
5192 18
5193 19
5194 7
5195 1
5196 8
5197 89
5198 9
5199 1
5200 4
5201 3
5202 7
5203 3
5204 4
5205 3
5206 55
5207 3
5208 4
5209 33
5210 7
5211 9
5212 14
5213 1
5214 3
5215 43
5216 8
5217 3
5218 39
5219 47
5220 6
5221 7
5222 73
5223 59
5224 38
5225 3
5226 13
5227 159
5228 4
5229 1
5230 9
5231 1
5232 64
5233 37
5234 5
5235 7
5236 4
5237 5
5238 1
5239 21
5240 10
5241 29
5242 37
5243 1
5244 14
5245 13
5246 3
5247 3
5248 4
5249 1
5250 1
5251 7
5252 20
5253 33
5254 51
5255 13
5256 4
5257 13
5258 11
5259 7
5260 20
5261 5
5262 27
5263 15
5264 2
5265 3
5266 3
5267 83
5268 82
5269 11
5270 19
5271 13
5272 154
5273 3
5274 13
5275 3
5276 6
5277 3
5278 29
5279 1
5280 4
5281 9
5282 241
5283 1
5284 14
5285 37
5286 41
5287 21
5288 4
5289 3
5290 3
5291 3
5292 34
5293 13
5294 1
5295 41
5296 22
5297 23
5298 3
5299 3
5300 2
5301 3
5302 33
5303 1
5304 2
5305 13
5306 1
5307 19
5308 4
5309 41
5310 35
5311 31
5312 22
5313 7
5314 17
5315 1
5316 24
5317 13
5318 3
5319 1
5320 4
5321 3
5322 21
5323 71
5324 24
5325 3
5326 9
5327 3
5328 16
5329 41
5330 3
5331 3
5332 30
5333 1
5334 3
5335 3
5336 6
5337 105
5338 3
5339 3
5340 16
5341 7
5342 11
5343 1
5344 8
5345 1
5346 13
5347 53
5348 4
5349 5
5350 35
5351 15
5352 6
5353 31
5354 1
5355 5
5356 4
5357 43
5358 5
5359 39
5360 56
5361 1
5362 119
5363 23
5364 2
5365 109
5366 1
5367 43
5368 22
5369 7
5370 3
5371 3
5372 36
5373 5
5374 3
5375 3
5376 6
5377 13
5378 7
5379 13
5380 14
5381 7
5382 11
5383 43
5384 54
5385 3
5386 195
5387 17
5388 14
5389 5
5390 5
5391 5
5392 8
5393 85
5394 1
5395 49
5396 38
5397 115
5398 9
5399 1
5400 8
5401 33
5402 7
5403 3
5404 22
5405 5
5406 3
5407 43
5408 6
5409 7
5410 7
5411 5
5412 32
5413 11
5414 67
5415 1
5416 18
5417 13
5418 1
5419 3
5420 6
5421 5
5422 235
5423 1
5424 36
5425 5
5426 1
5427 13
5428 24
5429 1
5430 1
5431 21
5432 56
5433 1
5434 3
5435 17
5436 4
5437 33
5438 9
5439 21
5440 68
5441 1
5442 9
5443 9
5444 4
5445 1
5446 7
5447 7
5448 92
5449 19
5450 7
5451 3
5452 18
5453 3
5454 1
5455 3
5456 4
5457 13
5458 7
5459 3
5460 8
5461 367
5462 13
5463 17
5464 4
5465 11
5466 11
5467 15
5468 4
5469 3
5470 13
5471 19
5472 8
5473 37
5474 1
5475 13
5476 26
5477 43
5478 3
5479 27
5480 22
5481 41
5482 127
5483 7
5484 8
5485 13
5486 1
5487 11
5488 4
5489 1
5490 5
5491 15
5492 16
5493 1
5494 51
5495 9
5496 4
5497 33
5498 3
5499 5
5500 26
5501 1
5502 69
5503 5
5504 16
5505 23
5506 3
5507 7
5508 4
5509 13
5510 3
5511 129
5512 54
5513 1
5514 11
5515 3
5516 14
5517 3
5518 21
5519 15
5520 62
5521 19
5522 5
5523 1
5524 210
5525 67
5526 7
5527 27
5528 4
5529 3
5530 5
5531 29
5532 6
5533 85
5534 1
5535 1
5536 4
5537 5
5538 9
5539 7
5540 4
5541 1
5542 21
5543 1
5544 14
5545 5
5546 1
5547 13
5548 14
5549 5
5550 7
5551 3
5552 6
5553 3
5554 15
5555 13
5556 12
5557 183
5558 7
5559 109
5560 44
5561 5
5562 19
5563 3
5564 10
5565 1
5566 7
5567 19
5568 32
5569 9
5570 11
5571 23
5572 8
5573 7
5574 3
5575 33
5576 4
5577 19
5578 3
5579 1
5580 36
5581 5
5582 33
5583 5
5584 100
5585 1
5586 3
5587 23
5588 4
5589 7
5590 3
5591 3
5592 6
5593 39
5594 3
5595 11
5596 112
5597 3
5598 1
5599 3
5600 4
5601 5
5602 21
5603 9
5604 4
5605 13
5606 1
5607 3
5608 22
5609 3
5610 11
5611 125
5612 12
5613 13
5614 9
5615 19
5616 4
5617 23
5618 7
5619 1
5620 42
5621 7
5622 31
5623 9
5624 4
5625 5
5626 103
5627 7
5628 4
5629 25
5630 1
5631 29
5632 8
5633 9
5634 3
5635 35
5636 2
5637 309
5638 21
5639 1
5640 6
5641 41
5642 71
5643 9
5644 8
5645 63
5646 3
5647 55
5648 14
5649 7
5650 3
5651 85
5652 100
5653 5
5654 7
5655 1
5656 10
5657 63
5658 1
5659 19
5660 4
5661 9
5662 105
5663 21
5664 24
5665 7
5666 3
5667 3
5668 4
5669 19
5670 7
5671 33
5672 6
5673 5
5674 125
5675 1
5676 2
5677 13
5678 29
5679 13
5680 14
5681 13
5682 13
5683 11
5684 2
5685 5
5686 29
5687 59
5688 10
5689 5
5690 3
5691 1
5692 38
5693 5
5694 7
5695 3
5696 2
5697 27
5698 9
5699 1
5700 14
5701 39
5702 25
5703 55
5704 4
5705 7
5706 21
5707 23
5708 22
5709 25
5710 11
5711 1
5712 56
5713 13
5714 3
5715 13
5716 14
5717 7
5718 1
5719 167
5720 128
5721 1
5722 173
5723 59
5724 2
5725 13
5726 17
5727 13
5728 74
5729 3
5730 19
5731 11
5732 6
5733 7
5734 7
5735 37
5736 8
5737 75
5738 7
5739 5
5740 54
5741 1
5742 11
5743 15
5744 2
5745 3
5746 5
5747 15
5748 2
5749 13
5750 21
5751 1
5752 34
5753 3
5754 7
5755 7
5756 46
5757 15
5758 9
5759 1
5760 46
5761 9
5762 27
5763 1
5764 64
5765 3
5766 5
5767 19
5768 4
5769 13
5770 3
5771 125
5772 6
5773 7
5774 1
5775 3
5776 4
5777 3
5778 95
5779 3
5780 34
5781 7
5782 213
5783 7
5784 4
5785 41
5786 3
5787 5
5788 14
5789 1
5790 27
5791 45
5792 124
5793 1
5794 3
5795 3
5796 2
5797 13
5798 13
5799 37
5800 14
5801 11
5802 25
5803 23
5804 14
5805 95
5806 31
5807 13
5808 8
5809 11
5810 1
5811 3
5812 112
5813 213
5814 7
5815 3
5816 8
5817 13
5818 23
5819 9
5820 8
5821 21
5822 57
5823 11
5824 24
5825 7
5826 7
5827 179
5828 4
5829 9
5830 13
5831 7
5832 6
5833 13
5834 3
5835 7
5836 12
5837 5
5838 1
5839 47
5840 2
5841 5
5842 59
5843 27
5844 2
5845 87
5846 3
5847 3
5848 8
5849 1
5850 5
5851 9
5852 16
5853 3
5854 5
5855 19
5856 32
5857 59
5858 1
5859 1
5860 4
5861 13
5862 23
5863 7
5864 6
5865 3
5866 3
5867 7
5868 8
5869 95
5870 3
5871 1
5872 34
5873 11
5874 7
5875 3
5876 88
5877 51
5878 3
5879 7
5880 8
5881 7
5882 71
5883 9
5884 4
5885 3
5886 15
5887 59
5888 4
5889 1
5890 91
5891 1
5892 6
5893 5
5894 1
5895 5
5896 4
5897 115
5898 11
5899 61
5900 4
5901 13
5902 9
5903 1
5904 72
5905 133
5906 1
5907 19
5908 30
5909 7
5910 1
5911 9
5912 60
5913 1
5914 19
5915 1
5916 2
5917 13
5918 45
5919 1
5920 4
5921 11
5922 9
5923 9
5924 22
5925 5
5926 15
5927 3
5928 4
5929 13
5930 11
5931 3
5932 108
5933 1
5934 9
5935 5
5936 10
5937 9
5938 9
5939 5
5940 6
5941 37
5942 11
5943 1
5944 112
5945 9
5946 7
5947 143
5948 2
5949 41
5950 3
5951 1
5952 26
5953 33
5954 1
5955 15
5956 22
5957 7
5958 7
5959 23
5960 14
5961 3
5962 35
5963 1
5964 36
5965 33
5966 1
5967 161
5968 8
5969 1
5970 5
5971 11
5972 6
5973 13
5974 13
5975 91
5976 18
5977 13
5978 3
5979 3
5980 10
5981 15
5982 9
5983 3
5984 4
5985 3
5986 39
5987 5
5988 8
5989 17
5990 1
5991 5
5992 54
5993 1
5994 71
5995 63
5996 4
5997 3
5998 71
5999 5
6000 12
6001 9
6002 9
6003 9
6004 4
6005 1
6006 11
6007 51
6008 6
6009 19
6010 3
6011 7
6012 128
6013 25
6014 3
6015 3
6016 20
6017 13
6018 17
6019 3
6020 4
6021 1
6022 65
6023 13
6024 8
6025 39
6026 7
6027 11
6028 4
6029 7
6030 7
6031 3
6032 48
6033 13
6034 9
6035 1
6036 4
6037 37
6038 7
6039 33
6040 10
6041 175
6042 7
6043 31
6044 18
6045 9
6046 9
6047 23
6048 2
6049 225
6050 11
6051 55
6052 20
6053 1
6054 3
6055 9
6056 2
6057 3
6058 47
6059 1
6060 32
6061 11
6062 17
6063 5
6064 8
6065 3
6066 39
6067 23
6068 16
6069 5
6070 23
6071 1
6072 8
6073 25
6074 1
6075 3
6076 244
6077 89
6078 1
6079 71
6080 4
6081 3
6082 21
6083 3
6084 24
6085 25
6086 15
6087 5
6088 88
6089 21
6090 17
6091 55
6092 6
6093 5
6094 13
6095 13
6096 14
6097 19
6098 1
6099 3
6100 14
6101 1
6102 9
6103 55
6104 30
6105 1
6106 15
6107 23
6108 10
6109 5
6110 13
6111 5
6112 14
6113 1
6114 5
6115 59
6116 6
6117 3
6118 3
6119 1
6120 24
6121 23
6122 21
6123 45
6124 8
6125 1
6126 1
6127 63
6128 26
6129 23
6130 15
6131 1
6132 18
6133 13
6134 1
6135 25
6136 4
6137 9
6138 1
6139 3
6140 2
6141 3
6142 295
6143 3
6144 2
6145 345
6146 3
6147 3
6148 4
6149 17
6150 1
6151 5
6152 8
6153 39
6154 9
6155 3
6156 8
6157 13
6158 55
6159 29
6160 12
6161 1
6162 57
6163 9
6164 4
6165 13
6166 3
6167 3
6168 30
6169 27
6170 29
6171 3
6172 8
6173 1
6174 9
6175 9
6176 4
6177 35
6178 5
6179 11
6180 4
6181 13
6182 9
6183 3
6184 96
6185 9
6186 1
6187 71
6188 4
6189 1
6190 3
6191 23
6192 6
6193 13
6194 71
6195 3
6196 20
6197 23
6198 15
6199 3
6200 2
6201 43
6202 9
6203 3
6204 4
6205 19
6206 1
6207 13
6208 4
6209 5
6210 3
6211 87
6212 26
6213 19
6214 7
6215 35
6216 2
6217 13
6218 1
6219 49
6220 34
6221 3
6222 9
6223 7
6224 4
6225 3
6226 23
6227 13
6228 4
6229 37
6230 17
6231 5
6232 50
6233 41
6234 33
6235 3
6236 4
6237 11
6238 3
6239 17
6240 8
6241 355
6242 9
6243 1
6244 8
6245 1
6246 13
6247 89
6248 4
6249 11
6250 11
6251 19
6252 216
6253 13
6254 3
6255 1
6256 32
6257 3
6258 3
6259 21
6260 4
6261 7
6262 13
6263 1
6264 14
6265 49
6266 11
6267 33
6268 42
6269 1
6270 5
6271 43
6272 72
6273 1
6274 27
6275 15
6276 4
6277 51
6278 19
6279 5
6280 44
6281 11
6282 9
6283 9
6284 4
6285 5
6286 79
6287 5
6288 8
6289 9
6290 3
6291 3
6292 8
6293 11
6294 1
6295 11
6296 50
6297 33
6298 109
6299 7
6300 2
6301 9
6302 11
6303 109
6304 10
6305 1
6306 1
6307 23
6308 54
6309 1
6310 75
6311 11
6312 128
6313 19
6314 9
6315 5
6316 16
6317 25
6318 1
6319 9
6320 16
6321 3
6322 45
6323 1
6324 30
6325 13
6326 1
6327 3
6328 4
6329 1
6330 7
6331 71
6332 32
6333 3
6334 13
6335 1
6336 8
6337 41
6338 11
6339 11
6340 8
6341 9
6342 21
6343 3
6344 2
6345 13
6346 3
6347 3
6348 4
6349 23
6350 7
6351 3
6352 38
6353 5
6354 3
6355 19
6356 4
6357 3
6358 19
6359 25
6360 10
6361 5
6362 11
6363 23
6364 4
6365 7
6366 13
6367 35
6368 4
6369 1
6370 29
6371 1
6372 6
6373 17
6374 43
6375 13
6376 202
6377 3
6378 1
6379 3
6380 4
6381 1
6382 33
6383 5
6384 8
6385 73
6386 31
6387 89
6388 4
6389 3
6390 1
6391 3
6392 6
6393 57
6394 87
6395 1
6396 22
6397 13
6398 3
6399 3
6400 50
6401 21
6402 31
6403 17
6404 2
6405 3
6406 15
6407 23
6408 10
6409 25
6410 1
6411 1
6412 92
6413 19
6414 1
6415 41
6416 20
6417 67
6418 9
6419 3
6420 12
6421 7
6422 17
6423 3
6424 4
6425 7
6426 9
6427 23
6428 18
6429 9
6430 87
6431 3
6432 18
6433 9
6434 7
6435 17
6436 14
6437 7
6438 5
6439 11
6440 12
6441 5
6442 9
6443 7
6444 2
6445 9
6446 11
6447 3
6448 14
6449 1
6450 55
6451 37
6452 34
6453 1
6454 135
6455 1
6456 14
6457 139
6458 1
6459 1
6460 24
6461 1
6462 25
6463 19
6464 4
6465 9
6466 7
6467 23
6468 12
6469 13
6470 1
6471 13
6472 8
6473 7
6474 3
6475 5
6476 2
6477 3
6478 27
6479 1
6480 16
6481 13
6482 33
6483 1
6484 62
6485 101
6486 3
6487 23
6488 94
6489 1
6490 3
6491 1
6492 20
6493 193
6494 7
6495 11
6496 20
6497 43
6498 11
6499 15
6500 2
6501 3
6502 57
6503 7
6504 6
6505 5
6506 25
6507 23
6508 10
6509 73
6510 31
6511 7
6512 52
6513 5
6514 21
6515 7
6516 2
6517 23
6518 1
6519 19
6520 42
6521 1
6522 7
6523 3
6524 4
6525 19
6526 19
6527 23
6528 4
6529 7
6530 13
6531 3
6532 64
6533 9
6534 5
6535 3
6536 20
6537 5
6538 7
6539 63
6540 28
6541 45
6542 11
6543 5
6544 4
6545 23
6546 3
6547 83
6548 4
6549 37
6550 49
6551 1
6552 6
6553 421
6554 1
6555 9
6556 32
6557 27
6558 15
6559 3
6560 40
6561 13
6562 23
6563 1
6564 10
6565 29
6566 11
6567 13
6568 28
6569 3
6570 7
6571 91
6572 8
6573 1
6574 17
6575 1
6576 8
6577 13
6578 7
6579 1
6580 14
6581 1
6582 11
6583 129
6584 56
6585 5
6586 3
6587 183
6588 6
6589 9
6590 5
6591 1
6592 20
6593 1
6594 11
6595 3
6596 4
6597 113
6598 9
6599 3
6600 24
6601 85
6602 17
6603 9
6604 108
6605 25
6606 41
6607 43
6608 4
6609 3
6610 99
6611 9
6612 8
6613 9
6614 1
6615 7
6616 38
6617 3
6618 119
6619 11
6620 2
6621 33
6622 9
6623 3
6624 2
6625 101
6626 31
6627 83
6628 10
6629 7
6630 9
6631 27
6632 14
6633 3
6634 7
6635 9
6636 16
6637 23
6638 33
6639 15
6640 24
6641 3
6642 33
6643 21
6644 12
6645 1
6646 43
6647 3
6648 6
6649 159
6650 7
6651 11
6652 8
6653 3
6654 3
6655 43
6656 2
6657 3
6658 13
6659 3
6660 8
6661 5
6662 261
6663 1
6664 22
6665 1
6666 35
6667 143
6668 4
6669 1
6670 3
6671 3
6672 82
6673 11
6674 3
6675 45
6676 4
6677 7
6678 21
6679 47
6680 38
6681 9
6682 33
6683 163
6684 6
6685 13
6686 7
6687 7
6688 36
6689 5
6690 5
6691 5
6692 6
6693 17
6694 3
6695 13
6696 4
6697 23
6698 1
6699 3
6700 12
6701 3
6702 9
6703 59
6704 8
6705 1
6706 13
6707 3
6708 4
6709 31
6710 5
6711 27
6712 14
6713 9
6714 17
6715 15
6716 14
6717 35
6718 5
6719 49
6720 8
6721 17
6722 37
6723 61
6724 4
6725 1
6726 3
6727 83
6728 2
6729 11
6730 53
6731 1
6732 6
6733 7
6734 1
6735 5
6736 24
6737 41
6738 1
6739 3
6740 72
6741 9
6742 73
6743 1
6744 14
6745 7
6746 3
6747 3
6748 14
6749 17
6750 3
6751 21
6752 194
6753 5
6754 43
6755 7
6756 2
6757 89
6758 3
6759 3
6760 4
6761 1
6762 27
6763 9
6764 4
6765 7
6766 9
6767 3
6768 2
6769 97
6770 7
6771 3
6772 130
6773 21
6774 7
6775 3
6776 22
6777 3
6778 7
6779 23
6780 12
6781 23
6782 11
6783 1
6784 52
6785 123
6786 11
6787 55
6788 2
6789 5
6790 7
6791 9
6792 64
6793 9
6794 19
6795 3
6796 8
6797 3
6798 3
6799 5
6800 14
6801 7
6802 9
6803 3
6804 24
6805 29
6806 1
6807 13
6808 60
6809 1
6810 49
6811 9
6812 42
6813 1
6814 27
6815 7
6816 8
6817 27
6818 9
6819 9
6820 4
6821 3
6822 11
6823 7
6824 2
6825 37
6826 53
6827 211
6828 8
6829 33
6830 3
6831 7
6832 28
6833 3
6834 67
6835 81
6836 14
6837 5
6838 13
6839 1
6840 2
6841 5
6842 55
6843 1
6844 26
6845 1
6846 3
6847 27
6848 2
6849 33
6850 7
6851 5
6852 6
6853 7
6854 1
6855 1
6856 8
6857 23
6858 75
6859 19
6860 2
6861 1
6862 133
6863 23
6864 2
6865 49
6866 7
6867 23
6868 114
6869 17
6870 145
6871 7
6872 16
6873 121
6874 3
6875 5
6876 12
6877 23
6878 1
6879 1
6880 34
6881 1
6882 7
6883 35
6884 38
6885 3
6886 3
6887 23
6888 4
6889 11
6890 5
6891 9
6892 18
6893 11
6894 9
6895 7
6896 6
6897 63
6898 403
6899 1
6900 14
6901 31
6902 113
6903 1
6904 4
6905 3
6906 7
6907 59
6908 26
6909 5
6910 13
6911 37
6912 26
6913 13
6914 1
6915 1
6916 20
6917 7
6918 11
6919 9
6920 4
6921 39
6922 33
6923 3
6924 4
6925 87
6926 3
6927 19
6928 18
6929 1
6930 3
6931 3
6932 8
6933 11
6934 113
6935 43
6936 2
6937 33
6938 1
6939 1
6940 14
6941 1
6942 11
6943 7
6944 32
6945 3
6946 21
6947 93
6948 16
6949 77
6950 1
6951 1
6952 30
6953 1
6954 5
6955 3
6956 4
6957 43
6958 3
6959 11
6960 4
6961 315
6962 11
6963 7
6964 34
6965 1
6966 1
6967 19
6968 42
6969 3
6970 7
6971 13
6972 6
6973 5
6974 71
6975 9
6976 10
6977 7
6978 7
6979 21
6980 4
6981 13
6982 73
6983 1
6984 16
6985 25
6986 19
6987 47
6988 42
6989 3
6990 361
6991 9
6992 6
6993 9
6994 7
6995 5
6996 22
6997 13
6998 1
6999 1
7000 8
7001 25
7002 7
7003 23
7004 2
7005 1
7006 9
7007 3
7008 4
7009 5
7010 15
7011 11
7012 204
7013 5
7014 3
7015 5
7016 2
7017 19
7018 3
7019 3
7020 22
7021 317
7022 11
7023 3
7024 46
7025 1
7026 9
7027 23
7028 2
7029 5
7030 43
7031 11
7032 32
7033 11
7034 3
7035 5
7036 4
7037 5
7038 21
7039 27
7040 2
7041 3
7042 55
7043 1
7044 30
7045 125
7046 7
7047 3
7048 48
7049 3
7050 3
7051 7
7052 146
7053 1
7054 3
7055 37
7056 4
7057 13
7058 3
7059 25
7060 30
7061 3
7062 55
7063 47
7064 4
7065 5
7066 157
7067 131
7068 8
7069 7
7070 3
7071 1
7072 58
7073 19
7074 9
7075 23
7076 2
7077 13
7078 35
7079 1
7080 14
7081 17
7082 49
7083 27
7084 4
7085 3
7086 1
7087 67
7088 2
7089 9
7090 9
7091 3
7092 6
7093 13
7094 3
7095 49
7096 34
7097 19
7098 3
7099 27
7100 12
7101 5
7102 9
7103 1
7104 16
7105 17
7106 9
7107 3
7108 8
7109 21
7110 1
7111 29
7112 20
7113 5
7114 65
7115 15
7116 80
7117 213
7118 3
7119 9
7120 8
7121 1
7122 63
7123 5
7124 4
7125 5
7126 11
7127 3
7128 6
7129 45
7130 9
7131 5
7132 20
7133 5
7134 5
7135 9
7136 4
7137 17
7138 7
7139 7
7140 6
7141 11
7142 57
7143 59
7144 34
7145 19
7146 9
7147 143
7148 12
7149 5
7150 21
7151 1
7152 6
7153 49
7154 11
7155 7
7156 14
7157 43
7158 5
7159 49
7160 8
7161 31
7162 25
7163 13
7164 280
7165 41
7166 3
7167 13
7168 16
7169 39
7170 1
7171 189
7172 58
7173 3
7174 3
7175 265
7176 10
7177 55
7178 5
7179 3
7180 4
7181 3
7182 57
7183 3
7184 4
7185 5
7186 11
7187 9
7188 4
7189 5
7190 9
7191 11
7192 58
7193 1
7194 1
7195 83
7196 6
7197 3
7198 3
7199 21
7200 4
7201 9
7202 21
7203 3
7204 14
7205 1
7206 27
7207 33
7208 6
7209 1
7210 27
7211 1
7212 22
7213 43
7214 7
7215 5
7216 32
7217 3
7218 3
7219 3
7220 4
7221 33
7222 21
7223 1
7224 172
7225 9
7226 7
7227 13
7228 14
7229 5
7230 1
7231 5
7232 8
7233 19
7234 63
7235 7
7236 22
7237 33
7238 7
7239 3
7240 22
7241 3
7242 7
7243 19
7244 2
7245 179
7246 3
7247 27
7248 206
7249 13
7250 7
7251 3
7252 8
7253 9
7254 3
7255 21
7256 22
7257 3
7258 95
7259 1
7260 14
7261 9
7262 13
7263 77
7264 8
7265 133
7266 1
7267 139
7268 4
7269 35
7270 9
7271 1
7272 6
7273 29
7274 1
7275 1
7276 56
7277 63
7278 1
7279 9
7280 2
7281 9
7282 33
7283 5
7284 12
7285 7
7286 15
7287 43
7288 270
7289 3
7290 5
7291 11
7292 16
7293 3
7294 7
7295 5
7296 12
7297 41
7298 7
7299 5
7300 40
7301 5
7302 57
7303 17
7304 4
7305 9
7306 11
7307 23
7308 4
7309 13
7310 1
7311 109
7312 76
7313 1
7314 1
7315 3
7316 4
7317 3
7318 95
7319 1
7320 4
7321 17
7322 31
7323 37
7324 84
7325 27
7326 1
7327 19
7328 2
7329 5
7330 27
7331 127
7332 8
7333 5
7334 1
7335 5
7336 48
7337 5
7338 27
7339 59
7340 16
7341 3
7342 65
7343 3
7344 46
7345 13
7346 3
7347 3
7348 14
7349 1
7350 71
7351 23
7352 32
7353 21
7354 3
7355 5
7356 4
7357 217
7358 1
7359 5
7360 8
7361 1
7362 65
7363 7
7364 14
7365 3
7366 5
7367 23
7368 4
7369 13
7370 1
7371 21
7372 8
7373 1
7374 51
7375 15
7376 8
7377 13
7378 3
7379 1
7380 6
7381 215
7382 31
7383 3
7384 18
7385 1
7386 13
7387 23
7388 4
7389 3
7390 15
7391 1
7392 6
7393 29
7394 7
7395 97
7396 16
7397 13
7398 1
7399 3
7400 8
7401 9
7402 55
7403 37
7404 16
7405 13
7406 1
7407 3
7408 14
7409 59
7410 1
7411 19
7412 38
7413 1
7414 3
7415 1
7416 30
7417 53
7418 7
7419 21
7420 162
7421 1
7422 9
7423 13
7424 10
7425 1
7426 3
7427 55
7428 4
7429 115
7430 25
7431 13
7432 8
7433 1
7434 1
7435 3
7436 4
7437 47
7438 61
7439 1
7440 4
7441 71
7442 81
7443 1
7444 14
7445 1
7446 9
7447 203
7448 8
7449 3
7450 3
7451 9
7452 20
7453 5
7454 7
7455 59
7456 56
7457 33
7458 5
7459 3
7460 10
7461 1
7462 13
7463 9
7464 4
7465 67
7466 29
7467 13
7468 8
7469 1
7470 7
7471 19
7472 40
7473 1
7474 257
7475 65
7476 8
7477 33
7478 1
7479 9
7480 4
7481 3
7482 59
7483 7
7484 4
7485 13
7486 63
7487 5
7488 26
7489 17
7490 37
7491 1
7492 124
7493 3
7494 29
7495 9
7496 8
7497 3
7498 15
7499 7
7500 148
7501 7
7502 11
7503 7
7504 4
7505 5
7506 1
7507 183
7508 4
7509 3
7510 7
7511 3
7512 86
7513 5
7514 41
7515 1
7516 4
7517 43
7518 3
7519 7
7520 14
7521 23
7522 55
7523 5
7524 6
7525 13
7526 1
7527 3
7528 20
7529 5
7530 1
7531 11
7532 8
7533 57
7534 3
7535 5
7536 48
7537 35
7538 1
7539 5
7540 34
7541 1
7542 33
7543 9
7544 4
7545 1
7546 77
7547 3
7548 10
7549 9
7550 1
7551 3
7552 34
7553 1
7554 11
7555 65
7556 86
7557 3
7558 3
7559 15
7560 56
7561 5
7562 27
7563 9
7564 14
7565 1
7566 27
7567 19
7568 2
7569 1
7570 31
7571 3
7572 34
7573 41
7574 1
7575 13
7576 4
7577 111
7578 3
7579 19
7580 2
7581 33
7582 117
7583 3
7584 8
7585 13
7586 1
7587 5
7588 4
7589 19
7590 13
7591 327
7592 6
7593 1
7594 9
7595 7
7596 36
7597 113
7598 15
7599 3
7600 10
7601 13
7602 7
7603 23
7604 4
7605 23
7606 21
7607 19
7608 4
7609 59
7610 19
7611 5
7612 58
7613 1
7614 17
7615 3
7616 14
7617 33
7618 7
7619 7
7620 20
7621 9
7622 9
7623 9
7624 54
7625 31
7626 13
7627 87
7628 120
7629 1
7630 3
7631 1
7632 72
7633 21
7634 1
7635 3
7636 8
7637 23
7638 3
7639 9
7640 14
7641 43
7642 9
7643 1
7644 12
7645 17
7646 11
7647 41
7648 4
7649 1
7650 9
7651 7
7652 76
7653 3
7654 27
7655 31
7656 4
7657 33
7658 13
7659 1
7660 4
7661 17
7662 11
7663 21
7664 2
7665 1
7666 9
7667 3
7668 16
7669 37
7670 5
7671 7
7672 264
7673 3
7674 1
7675 85
7676 26
7677 13
7678 3
7679 1
7680 4
7681 11
7682 21
7683 29
7684 18
7685 5
7686 1
7687 187
7688 2
7689 13
7690 23
7691 1
7692 32
7693 21
7694 7
7695 1
7696 18
7697 3
7698 9
7699 15
7700 2
7701 17
7702 63
7703 103
7704 58
7705 13
7706 1
7707 3
7708 78
7709 5
7710 7
7711 19
7712 14
7713 1
7714 15
7715 3
7716 20
7717 47
7718 7
7719 3
7720 4
7721 1
7722 21
7723 33
7724 4
7725 25
7726 31
7727 91
7728 56
7729 93
7730 1
7731 7
7732 8
7733 19
7734 15
7735 9
7736 2
7737 5
7738 45
7739 29
7740 38
7741 93
7742 41
7743 17
7744 14
7745 3
7746 3
7747 27
7748 2
7749 5
7750 7
7751 3
7752 8
7753 17
7754 9
7755 1
7756 4
7757 13
7758 3
7759 39
7760 14
7761 17
7762 29
7763 1
7764 6
7765 21
7766 5
7767 13
7768 4
7769 5
7770 5
7771 31
7772 36
7773 5
7774 27
7775 5
7776 36
7777 89
7778 23
7779 3
7780 264
7781 3
7782 21
7783 3
7784 8
7785 3
7786 9
7787 41
7788 14
7789 59
7790 1
7791 7
7792 8
7793 81
7794 13
7795 7
7796 10
7797 3
7798 5
7799 3
7800 6
7801 9
7802 101
7803 1
7804 52
7805 9
7806 53
7807 15
7808 26
7809 57
7810 77
7811 11
7812 6
7813 25
7814 1
7815 31
7816 26
7817 13
7818 5
7819 19
7820 2
7821 9
7822 33
7823 1
7824 2
7825 19
7826 7
7827 87
7828 32
7829 3
7830 1
7831 9
7832 336
7833 1
7834 7
7835 1
7836 8
7837 77
7838 49
7839 9
7840 4
7841 1
7842 13
7843 33
7844 6
7845 19
7846 3
7847 51
7848 4
7849 9
7850 3
7851 5
7852 30
7853 9
7854 373
7855 15
7856 4
7857 19
7858 29
7859 35
7860 8
7861 11
7862 57
7863 3
7864 14
7865 1
7866 3
7867 27
7868 2
7869 1
7870 21
7871 23
7872 8
7873 13
7874 1
7875 11
7876 24
7877 23
7878 13
7879 31
7880 4
7881 9
7882 21
7883 1
7884 14
7885 17
7886 1
7887 51
7888 62
7889 7
7890 7
7891 3
7892 178
7893 1
7894 19
7895 1
7896 20
7897 81
7898 1
7899 57
7900 18
7901 1
7902 81
7903 9
7904 32
7905 9
7906 77
7907 7
7908 2
7909 5
7910 25
7911 1
7912 26
7913 41
7914 3
7915 7
7916 10
7917 3
7918 15
7919 25
7920 206
7921 5
7922 7
7923 13
7924 10
7925 23
7926 3
7927 183
7928 16
7929 1
7930 13
7931 9
7932 8
7933 53
7934 3
7935 3
7936 74
7937 39
7938 3
7939 15
7940 4
7941 5
7942 57
7943 1
7944 6
7945 25
7946 7
7947 35
7948 14
7949 3
7950 3
7951 123
7952 16
7953 1
7954 3
7955 9
7956 6
7957 13
7958 3
7959 1
7960 30
7961 1
7962 71
7963 3
7964 14
7965 9
7966 23
7967 3
7968 6
7969 57
7970 3
7971 3
7972 8
7973 11
7974 11
7975 55
7976 18
7977 59
7978 9
7979 1
7980 12
7981 33
7982 21
7983 25
7984 10
7985 1
7986 3
7987 41
7988 6
7989 5
7990 13
7991 3
7992 8
7993 17
7994 3
7995 1
7996 122
7997 63
7998 7
7999 3
8000 2
8001 5
8002 55
8003 1
8004 22
8005 19
8006 3
8007 3
8008 40
8009 5
8010 115
8011 65
8012 52
8013 57
8014 53
8015 33
8016 2
8017 33
8018 17
8019 7
8020 82
8021 3
8022 11
8023 7
8024 10
8025 5
8026 3
8027 43
8028 6
8029 13
8030 11
8031 1
8032 216
8033 1
8034 1
8035 9
8036 14
8037 11
8038 27
8039 5
8040 14
8041 7
8042 21
8043 1
8044 18
8045 5
8046 25
8047 63
8048 2
8049 5
8050 11
8051 1
8052 26
8053 41
8054 9
8055 15
8056 38
8057 13
8058 3
8059 27
8060 10
8061 3
8062 43
8063 1
8064 18
8065 31
8066 127
8067 13
8068 34
8069 1
8070 5
8071 11
8072 16
8073 41
8074 25
8075 35
8076 6
8077 13
8078 11
8079 43
8080 4
8081 3
8082 31
8083 19
8084 32
8085 7
8086 7
8087 5
8088 8
8089 9
8090 19
8091 29
8092 34
8093 1
8094 1
8095 199
8096 4
8097 23
8098 3
8099 5
8100 72
8101 37
8102 17
8103 5
8104 110
8105 117
8106 7
8107 23
8108 2
8109 79
8110 3
8111 1
8112 26
8113 51
8114 1
8115 1
8116 8
8117 19
8118 105
8119 7
8120 16
8121 7
8122 41
8123 47
8124 4
8125 5
8126 1
8127 11
8128 388
8129 7
8130 9
8131 43
8132 6
8133 3
8134 55
8135 7
8136 2
8137 193
8138 83
8139 31
8140 32
8141 5
8142 9
8143 23
8144 14
8145 45
8146 3
8147 7
8148 46
8149 27
8150 1
8151 33
8152 8
8153 3
8154 3
8155 7
8156 4
8157 41
8158 71
8159 1
8160 8
8161 21
8162 11
8163 3
8164 4
8165 3
8166 1
8167 35
8168 20
8169 1
8170 9
8171 7
8172 8
8173 13
8174 1
8175 3
8176 20
8177 7
8178 3
8179 67
8180 4
8181 1
8182 9
8183 3
8184 6
8185 23
8186 3
8187 15
8188 8
8189 5
8190 1
8191 595
8192 586
8193 13
8194 11
8195 3
8196 28
8197 33
8198 3
8199 17
8200 60
8201 3
8202 93
8203 5
8204 6
8205 3
8206 11
8207 25
8208 8
8209 29
8210 1
8211 3
8212 100
8213 1
8214 7
8215 3
8216 8
8217 13
8218 3
8219 5
8220 44
8221 41
8222 33
8223 1
8224 4
8225 5
8226 1
8227 27
8228 76
8229 53
8230 31
8231 3
8232 34
8233 31
8234 7
8235 57
8236 24
8237 5
8238 1
8239 11
8240 2
8241 3
8242 83
8243 1
8244 4
8245 9
8246 1
8247 3
8248 30
8249 3
8250 11
8251 3
8252 26
8253 17
8254 7
8255 15
8256 394
8257 19
8258 3
8259 1
8260 4
8261 167
8262 27
8263 15
8264 2
8265 17
8266 15
8267 3
8268 4
8269 13
8270 23
8271 13
8272 98
8273 1
8274 33
8275 17
8276 4
8277 53
8278 3
8279 11
8280 6
8281 5
8282 21
8283 1
8284 20
8285 9
8286 1
8287 159
8288 8
8289 13
8290 3
8291 25
8292 18
8293 75
8294 107
8295 9
8296 22
8297 3
8298 5
8299 9
8300 6
8301 1
8302 59
8303 1
8304 36
8305 109
8306 7
8307 3
8308 8
8309 1
8310 7
8311 5
8312 32
8313 5
8314 53
8315 5
8316 4
8317 13
8318 19
8319 9
8320 32
8321 37
8322 7
8323 19
8324 4
8325 1
8326 157
8327 31
8328 6
8329 31
8330 5
8331 5
8332 94
8333 11
8334 5
8335 3
8336 8
8337 23
8338 131
8339 3
8340 10
8341 13
8342 9
8343 63
8344 4
8345 5
8346 1
8347 79
8348 10
8349 3
8350 9
8351 1
8352 214
8353 25
8354 95
8355 5
8356 18
8357 7
8358 19
8359 3
8360 70
8361 5
8362 29
8363 7
8364 12
8365 35
8366 13
8367 3
8368 8
8369 17
8370 3
8371 91
8372 32
8373 1
8374 7
8375 9
8376 4
8377 13
8378 9
8379 1
8380 58
8381 1
8382 9
8383 13
8384 20
8385 19
8386 3
8387 159
8388 20
8389 37
8390 7
8391 5
8392 30
8393 1
8394 5
8395 19
8396 4
8397 3
8398 9
8399 7
8400 6
8401 11
8402 61
8403 5
8404 28
8405 5
8406 29
8407 27
8408 16
8409 7
8410 91
8411 1
8412 72
8413 9
8414 1
8415 11
8416 54
8417 283
8418 21
8419 5
8420 12
8421 1
8422 9
8423 5
8424 8
8425 41
8426 3
8427 3
8428 12
8429 7
8430 15
8431 149
8432 16
8433 3
8434 3
8435 5
8436 4
8437 19
8438 11
8439 3
8440 104
8441 1
8442 21
8443 123
8444 2
8445 95
8446 5
8447 67
8448 16
8449 31
8450 1
8451 1
8452 38
8453 13
8454 31
8455 7
8456 6
8457 19
8458 3
8459 5
8460 6
8461 21
8462 11
8463 3
8464 148
8465 1
8466 13
8467 23
8468 2
8469 5
8470 3
8471 1
8472 36
8473 19
8474 17
8475 39
8476 4
8477 31
8478 7
8479 7
8480 4
8481 1
8482 145
8483 5
8484 16
8485 5
8486 3
8487 69
8488 4
8489 1
8490 1
8491 133
8492 18
8493 3
8494 13
8495 3
8496 2
8497 23
8498 7
8499 13
8500 14
8501 5
8502 9
8503 27
8504 40
8505 1
8506 9
8507 23
8508 108
8509 151
8510 1
8511 3
8512 14
8513 1
8514 33
8515 39
8516 4
8517 3
8518 101
8519 3
8520 6
8521 41
8522 17
8523 1
8524 4
8525 9
8526 1
8527 23
8528 6
8529 5
8530 15
8531 29
8532 6
8533 9
8534 11
8535 39
8536 42
8537 95
8538 1
8539 3
8540 18
8541 25
8542 55
8543 13
8544 4
8545 25
8546 1
8547 13
8548 14
8549 1
8550 9
8551 3
8552 20
8553 3
8554 5
8555 21
8556 42
8557 41
8558 11
8559 19
8560 18
8561 1
8562 29
8563 15
8564 4
8565 5
8566 11
8567 13
8568 8
8569 61
8570 25
8571 59
8572 106
8573 3
8574 3
8575 3
8576 36
8577 27
8578 105
8579 1
8580 2
8581 7
8582 11
8583 1
8584 14
8585 21
8586 287
8587 59
8588 14
8589 5
8590 15
8591 1
8592 8
8593 69
8594 1
8595 9
8596 38
8597 53
8598 21
8599 117
8600 4
8601 1
8602 73
8603 1
8604 4
8605 25
8606 3
8607 23
8608 14
8609 33
8610 57
8611 3
8612 56
8613 9
8614 3
8615 5
8616 8
8617 13
8618 3
8619 1
8620 8
8621 11
8622 9
8623 3
8624 4
8625 7
8626 11
8627 89
8628 2
8629 13
8630 43
8631 7
8632 8
8633 7
8634 5
8635 23
8636 4
8637 23
8638 9
8639 3
8640 12
8641 17
8642 19
8643 3
8644 100
8645 5
8646 3
8647 35
8648 14
8649 1
8650 59
8651 7
8652 6
8653 43
8654 11
8655 17
8656 8
8657 7
8658 1
8659 33
8660 4
8661 5
8662 183
8663 1
8664 40
8665 33
8666 1
8667 3
8668 4
8669 3
8670 3
8671 21
8672 6
8673 13
8674 3
8675 1
8676 30
8677 93
8678 17
8679 3
8680 24
8681 5
8682 33
8683 9
8684 10
8685 3
8686 3
8687 7
8688 4
8689 7
8690 15
8691 3
8692 64
8693 1
8694 1
8695 263
8696 2
8697 39
8698 11
8699 29
8700 30
8701 5
8702 5
8703 9
8704 14
8705 3
8706 3
8707 63
8708 4
8709 3
8710 3
8711 15
8712 262
8713 33
8714 25
8715 1
8716 30
8717 13
8718 9
8719 3
8720 4
8721 1
8722 45
8723 13
8724 2
8725 43
8726 7
8727 3
8728 14
8729 37
8730 31
8731 31
8732 18
8733 41
8734 7
8735 1
8736 6
8737 37
8738 1
8739 9
8740 4
8741 1
8742 31
8743 23
8744 2
8745 15
8746 29
8747 3
8748 4
8749 67
8750 21
8751 5
8752 20
8753 169
8754 1
8755 19
8756 4
8757 87
8758 3
8759 1
8760 8
8761 31
8762 27
8763 5
8764 4
8765 3
8766 9
8767 23
8768 14
8769 79
8770 5
8771 23
8772 20
8773 5
8774 37
8775 3
8776 4
8777 3
8778 15
8779 7
8780 14
8781 97
8782 9
8783 7
8784 2
8785 5
8786 1
8787 95
8788 96
8789 1
8790 5
8791 11
8792 6
8793 11
8794 179
8795 7
8796 134
8797 89
8798 1
8799 1
8800 22
8801 3
8802 9
8803 3
8804 4
8805 25
8806 43
8807 23
8808 10
8809 9
8810 3
8811 1
8812 18
8813 1
8814 13
8815 7
8816 18
8817 3
8818 3
8819 11
8820 8
8821 13
8822 9
8823 9
8824 30
8825 5
8826 19
8827 27
8828 2
8829 9
8830 13
8831 5
8832 6
8833 167
8834 1
8835 17
8836 32
8837 55
8838 3
8839 9
8840 10
8841 3
8842 21
8843 5
8844 16
8845 5
8846 7
8847 3
8848 14
8849 9
8850 23
8851 63
8852 76
8853 3
8854 3
8855 93
8856 2
8857 53
8858 3
8859 13
8860 22
8861 3
8862 11
8863 9
8864 4
8865 19
8866 83
8867 3
8868 4
8869 133
8870 55
8871 63
8872 118
8873 1
8874 1
8875 43
8876 32
8877 13
8878 5
8879 21
8880 6
8881 69
8882 55
8883 31
8884 4
8885 3
8886 5
8887 31
8888 6
8889 3
8890 3
8891 1
8892 6
8893 23
8894 1
8895 5
8896 10
8897 3
8898 27
8899 19
8900 4
8901 41
8902 9
8903 1
8904 4
8905 7
8906 3
8907 13
8908 4
8909 3
8910 31
8911 63
8912 68
8913 1
8914 49
8915 7
8916 14
8917 113
8918 1
8919 1
8920 26
8921 3
8922 21
8923 11
8924 6
8925 1
8926 21
8927 3
8928 8
8929 13
8930 17
8931 1
8932 140
8933 11
8934 3
8935 41
8936 6
8937 73
8938 9
8939 3
8940 4
8941 11
8942 109
8943 19
8944 144
8945 1
8946 33
8947 27
8948 10
8949 5
8950 109
8951 1
8952 6
8953 57
8954 1
8955 1
8956 14
8957 3
8958 13
8959 57
8960 2
8961 1
8962 13
8963 23
8964 4
8965 31
8966 3
8967 19
8968 12
8969 1
8970 27
8971 27
8972 72
8973 5
8974 29
8975 3
8976 14
8977 327
8978 1
8979 1
8980 4
8981 21
8982 11
8983 43
8984 110
8985 5
8986 5
8987 5
8988 2
8989 13
8990 1
8991 15
8992 84
8993 17
8994 1
8995 17
8996 4
8997 13
8998 13
8999 11
9000 4
9001 141
9002 81
9003 3
9004 18
9005 21
9006 1
9007 43
9008 10
9009 11
9010 7
9011 3
9012 26
9013 37
9014 5
9015 273
9016 4
9017 7
9018 7
9019 15
9020 20
9021 1
9022 31
9023 1
9024 6
9025 13
9026 3
9027 33
9028 14
9029 1
9030 15
9031 19
9032 6
9033 27
9034 9
9035 5
9036 54
9037 145
9038 1
9039 3
9040 54
9041 5
9042 7
9043 3
9044 2
9045 7
9046 33
9047 23
9048 2
9049 47
9050 3
9051 25
9052 54
9053 29
9054 33
9055 7
9056 10
9057 3
9058 93
9059 1
9060 60
9061 9
9062 21
9063 3
9064 58
9065 5
9066 3
9067 189
9068 4
9069 57
9070 3
9071 1
9072 8
9073 9
9074 1
9075 113
9076 32
9077 7
9078 5
9079 3
9080 48
9081 5
9082 33
9083 3
9084 4
9085 115
9086 17
9087 11
9088 24
9089 7
9090 1
9091 27
9092 6
9093 7
9094 35
9095 1
9096 24
9097 13
9098 7
9099 27
9100 4
9101 7
9102 245
9103 55
9104 4
9105 3
9106 9
9107 3
9108 22
9109 5
9110 23
9111 3
9112 20
9113 37
9114 1
9115 9
9116 4
9117 23
9118 7
9119 29
9120 32
9121 7
9122 59
9123 33
9124 44
9125 1
9126 3
9127 67
9128 8
9129 13
9130 7
9131 5
9132 34
9133 9
9134 1
9135 57
9136 10
9137 75
9138 9
9139 7
9140 22
9141 3
9142 33
9143 41
9144 4
9145 89
9146 3
9147 3
9148 34
9149 15
9150 3
9151 3
9152 14
9153 3
9154 13
9155 1
9156 2
9157 85
9158 7
9159 9
9160 18
9161 29
9162 29
9163 23
9164 2
9165 3
9166 117
9167 39
9168 4
9169 5
9170 5
9171 19
9172 8
9173 3
9174 3
9175 5
9176 4
9177 3
9178 27
9179 3
9180 32
9181 13
9182 9
9183 1
9184 76
9185 5
9186 5
9187 29
9188 14
9189 9
9190 9
9191 19
9192 6
9193 13
9194 15
9195 3
9196 4
9197 27
9198 3
9199 7
9200 10
9201 9
9202 55
9203 13
9204 12
9205 23
9206 1
9207 339
9208 14
9209 9
9210 77
9211 281
9212 26
9213 1
9214 3
9215 5
9216 8
9217 13
9218 3
9219 7
9220 220
9221 1
9222 127
9223 63
9224 16
9225 25
9226 7
9227 3
9228 2
9229 19
9230 1
9231 7
9232 8
9233 5
9234 27
9235 9
9236 118
9237 11
9238 7
9239 5
9240 8
9241 45
9242 7
9243 33
9244 10
9245 25
9246 1
9247 47
9248 6
9249 13
9250 51
9251 29
9252 6
9253 21
9254 7
9255 3
9256 38
9257 15
9258 3
9259 3
9260 4
9261 3
9262 113
9263 5
9264 8
9265 43
9266 23
9267 43
9268 8
9269 23
9270 9
9271 15
9272 6
9273 5
9274 19
9275 3
9276 2
9277 13
9278 113
9279 7
9280 8
9281 5
9282 9
9283 5
9284 10
9285 27
9286 165
9287 5
9288 222
9289 13
9290 17
9291 3
9292 56
9293 1
9294 31
9295 3
9296 16
9297 3
9298 3
9299 33
9300 24
9301 47
9302 11
9303 5
9304 4
9305 3
9306 5
9307 159
9308 4
9309 27
9310 5
9311 3
9312 16
9313 9
9314 9
9315 375
9316 4
9317 3
9318 1
9319 269
9320 4
9321 5
9322 109
9323 7
9324 14
9325 13
9326 7
9327 203
9328 24
9329 19
9330 3
9331 11
9332 6
9333 5
9334 311
9335 1
9336 4
9337 23
9338 3
9339 11
9340 8
9341 47
9342 31
9343 3
9344 10
9345 5
9346 47
9347 15
9348 10
9349 9
9350 1
9351 3
9352 346
9353 3
9354 13
9355 57
9356 4
9357 13
9358 13
9359 1
9360 100
9361 5
9362 13
9363 13
9364 8
9365 1
9366 25
9367 83
9368 56
9369 5
9370 3
9371 1
9372 8
9373 11
9374 1
9375 59
9376 42
9377 101
9378 1
9379 55
9380 84
9381 3
9382 37
9383 7
9384 4
9385 5
9386 1
9387 9
9388 14
9389 9
9390 5
9391 5
9392 58
9393 1
9394 3
9395 21
9396 6
9397 23
9398 37
9399 15
9400 110
9401 7
9402 101
9403 3
9404 52
9405 5
9406 7
9407 13
9408 10
9409 75
9410 9
9411 25
9412 110
9413 13
9414 11
9415 3
9416 6
9417 3
9418 115
9419 1
9420 4
9421 49
9422 11
9423 5
9424 14
9425 3
9426 7
9427 15
9428 16
9429 1
9430 3
9431 3
9432 18
9433 235
9434 1
9435 9
9436 24
9437 63
9438 15
9439 53
9440 4
9441 3
9442 9
9443 55
9444 14
9445 7
9446 3
9447 3
9448 4
9449 1
9450 43
9451 7
9452 32
9453 285
9454 35
9455 1
9456 2
9457 209
9458 1
9459 1
9460 54
9461 19
9462 11
9463 7
9464 4
9465 25
9466 3
9467 23
9468 6
9469 13
9470 21
9471 7
9472 30
9473 1
9474 5
9475 3
9476 10
9477 43
9478 27
9479 1
9480 10
9481 243
9482 7
9483 13
9484 4
9485 7
9486 1
9487 73
9488 4
9489 1
9490 287
9491 5
9492 6
9493 5
9494 7
9495 9
9496 14
9497 13
9498 11
9499 5
9500 2
9501 7
9502 63
9503 7
9504 2
9505 45
9506 1
9507 3
9508 146
9509 89
9510 3
9511 19
9512 52
9513 3
9514 3
9515 5
9516 8
9517 23
9518 1
9519 41
9520 24
9521 5
9522 31
9523 15
9524 10
9525 1
9526 61
9527 23
9528 14
9529 17
9530 5
9531 3
9532 488
9533 3
9534 1
9535 43
9536 2
9537 113
9538 3
9539 1
9540 6
9541 121
9542 9
9543 3
9544 30
9545 5
9546 27
9547 51
9548 38
9549 3
9550 3
9551 5
9552 26
9553 35
9554 7
9555 9
9556 18
9557 7
9558 211
9559 3
9560 4
9561 7
9562 77
9563 19
9564 8
9565 33
9566 5
9567 51
9568 4
9569 1
9570 1
9571 11
9572 14
9573 5
9574 9
9575 7
9576 4
9577 13
9578 1
9579 23
9580 14
9581 1
9582 9
9583 3
9584 6
9585 21
9586 27
9587 23
9588 104
9589 11
9590 1
9591 3
9592 8
9593 3
9594 7
9595 3
9596 12
9597 13
9598 19
9599 13
9600 30
9601 13
9602 9
9603 1
9604 92
9605 17
9606 3
9607 179
9608 4
9609 1
9610 21
9611 5
9612 12
9613 89
9614 23
9615 1
9616 12
9617 3
9618 1
9619 15
9620 12
9621 7
9622 9
9623 23
9624 8
9625 43
9626 9
9627 3
9628 14
9629 1
9630 13
9631 7
9632 6
9633 13
9634 5
9635 5
9636 6
9637 229
9638 11
9639 5
9640 10
9641 37
9642 59
9643 107
9644 4
9645 7
9646 19
9647 19
9648 4
9649 45
9650 1
9651 9
9652 136
9653 47
9654 3
9655 59
9656 94
9657 3
9658 13
9659 1
9660 2
9661 59
9662 11
9663 113
9664 14
9665 3
9666 1
9667 23
9668 6
9669 9
9670 115
9671 5
9672 34
9673 25
9674 3
9675 11
9676 10
9677 31
9678 15
9679 9
9680 4
9681 9
9682 9
9683 3
9684 10
9685 13
9686 1
9687 55
9688 8
9689 1
9690 5
9691 41
9692 6
9693 1
9694 27
9695 1
9696 88
9697 45
9698 23
9699 7
9700 18
9701 1
9702 51
9703 3
9704 6
9705 9
9706 7
9707 35
9708 12
9709 5
9710 5
9711 1
9712 112
9713 1
9714 3
9715 125
9716 4
9717 23
9718 163
9719 5
9720 4
9721 25
9722 19
9723 3
9724 12
9725 3
9726 29
9727 19
9728 4
9729 33
9730 21
9731 1
9732 82
9733 67
9734 1
9735 5
9736 4
9737 105
9738 3
9739 65
9740 44
9741 1
9742 143
9743 3
9744 2
9745 81
9746 7
9747 13
9748 26
9749 43
9750 1
9751 15
9752 8
9753 1
9754 13
9755 7
9756 30
9757 13
9758 43
9759 3
9760 114
9761 3
9762 81
9763 21
9764 34
9765 3
9766 13
9767 3
9768 22
9769 19
9770 1
9771 1
9772 8
9773 73
9774 21
9775 37
9776 2
9777 3
9778 35
9779 1
9780 220
9781 13
9782 143
9783 5
9784 24
9785 1
9786 5
9787 47
9788 4
9789 5
9790 9
9791 1
9792 6
9793 193
9794 3
9795 23
9796 20
9797 3
9798 1
9799 75
9800 38
9801 1
9802 9
9803 5
9804 2
9805 29
9806 3
9807 3
9808 8
9809 3
9810 5
9811 55
9812 42
9813 29
9814 15
9815 3
9816 6
9817 159
9818 9
9819 5
9820 4
9821 3
9822 11
9823 21
9824 8
9825 27
9826 3
9827 3
9828 4
9829 57
9830 1
9831 5
9832 58
9833 7
9834 55
9835 9
9836 4
9837 5
9838 59
9839 7
9840 6
9841 9
9842 133
9843 3
9844 52
9845 39
9846 3
9847 63
9848 2
9849 3
9850 21
9851 37
9852 8
9853 13
9854 1
9855 5
9856 16
9857 19
9858 1
9859 71
9860 128
9861 7
9862 13
9863 1
9864 112
9865 5
9866 3
9867 3
9868 74
9869 1
9870 5
9871 11
9872 8
9873 63
9874 9
9875 1
9876 6
9877 29
9878 13
9879 3
9880 8
9881 1
9882 9
9883 9
9884 6
9885 23
9886 17
9887 77
9888 12
9889 13
9890 31
9891 77
9892 8
9893 3
9894 83
9895 15
9896 8
9897 13
9898 3
9899 3
9900 2
9901 37
9902 55
9903 63
9904 104
9905 217
9906 1
9907 223
9908 14
9909 27
9910 3
9911 7
9912 336
9913 17
9914 11
9915 49
9916 208
9917 3
9918 3
9919 19
9920 4
9921 3
9922 73
9923 31
9924 4
9925 13
9926 1
9927 15
9928 4
9929 3
9930 3
9931 5
9932 56
9933 1
9934 9
9935 43
9936 14
9937 33
9938 15
9939 9
9940 8
9941 17
9942 57
9943 9
9944 2
9945 1
9946 15
9947 13
9948 6
9949 55
9950 3
9951 5
9952 18
9953 5
9954 25
9955 3
9956 2
9957 23
9958 5
9959 1
9960 16
9961 33
9962 11
9963 1
9964 322
9965 13
9966 15
9967 15
9968 2
9969 39
9970 23
9971 25
9972 6
9973 81
9974 1
9975 145
9976 48
9977 57
9978 5
9979 3
9980 2
9981 1
9982 21
9983 5
9984 10
9985 19
9986 1
9987 33
9988 4
9989 1
9990 31
9991 7
9992 58
9993 9
9994 7
9995 1
9996 4
9997 117
9998 1
9999 113
10000 24
