 3(1)  5(1) -10(1) 11(1) -15(1) 17(1) -22(1) 23(1) -25(1) 29(1) 30(1) -33(1) -34(1) 41(1) -46(1) 47(1) 50(1) -51(1) 53(1) 
-55(2) -58(1) 59(1) 66(1) -69(1) 71(1) 75(1) -82(1) 83(1) -85(2) -87(1) 89(1) -94(1) 101(1) 102(1) -106(1) 107(1) 110(2) 113(1) -115(2) 
-118(1) -121(1) -123(1) 125(1) 131(1) 137(1) 138(1) -141(1) -142(1) -145(2) 149(1) -150(1) -159(1) 165(2) -166(1) 167(1) 170(2) 173(1) 174(1) -177(1) 
-178(1) 179(1) -187(2) 191(1) 197(1) -202(1) -205(2) -213(1) -214(1) -226(1) 227(1) 230(2) 233(1) -235(2) 239(1) 242(1) 246(1) -249(1) -250(1) 251(1) 
-253(2) 255(2) 257(1) -262(1) 263(1) -265(2) -267(1) 269(1) -274(1) 275(2) 281(1) 282(1) -289(1) 290(2) 293(1) -295(2) -298(1) -303(1) 311(1) 317(1) 
318(1) -319(2) -321(1) -330(2) -334(1) -339(1) 345(2) -346(1) 347(1) 353(1) 354(1) -355(2) -358(1) 359(1) 363(1) 374(2) -375(1) -382(1) 383(1) 389(1) 
-391(2) -393(1) -394(1) 401(1) 410(2) -411(1) -415(2) 419(1) 425(2) 426(1) 431(1) 435(2) 443(1) -445(2) -447(1) 449(1) -451(2) -454(1) 461(1) -466(1) 
467(1) 470(2) -478(1) 479(1) 491(1) -493(2) 498(1) -501(1) -502(1) 503(1) -505(2) 506(2) 509(1) -510(2) -514(1) -517(2) -519(1) 521(1) -526(1) -529(1) 
530(2) 534(1) -535(2) -537(1) -538(1) -550(2) 557(1) 561(2) -562(1) 563(1) -565(2) 569(1) -573(1) 575(2) 578(1) -583(2) -586(1) 587(1) 590(2) -591(1) 
593(1) 599(1) 605(2) 606(1) 615(2) 617(1) -622(1) -625(1) -634(1) 638(2) 641(1) 642(1) 647(1) -649(2) 653(1) -655(2) 659(1) -667(2) 677(1) 678(1) 
-681(1) 683(1) -685(2) -690(2) -694(1) -697(2) -699(1) 701(1) 705(2) -706(1) 710(2) -717(1) -718(1) 719(1) 725(2) -726(1) 743(1) -745(2) 750(1) -753(1) 
759(2) 761(1) -766(1) -771(1) 773(1) -778(1) -781(2) 782(2) 786(1) -789(1) 795(2) 797(1) -799(2) -802(1) -807(1) 809(1) 821(1) 822(1) -825(2) 827(1) 
830(2) -835(2) -838(1) 839(1) -841(1) -843(1) -850(2) 857(1) -862(1) 863(1) -865(2) 867(1) -870(2) -879(1) 881(1) 885(2) -886(1) 887(1) 890(2) 894(1) 
-895(2) -898(1) -901(2) 902(2) 911(1) -913(2) -922(1) 929(1) -933(1) -934(1) 935(4) 941(1) -943(2) 947(1) -951(1) 953(1) -955(2) 957(2) -958(1) 971(1) 
977(1) -979(2) -982(1) 983(1) -985(2) 986(2) 1002(1) -1003(2) -1006(1) 1010(2) 1013(1) -1018(1) 1019(1) 1025(2) 1031(1) 1034(2) 1038(1) -1041(1) -1042(1) 1049(1) 
1058(1) -1059(1) 1061(1) 1065(2) 1070(2) 1074(1) -1077(1) -1081(2) 1091(1) 1097(1) 1103(1) 1109(1) -1111(2) -1114(1) -1122(2) -1126(1) 1130(2) -1135(2) -1138(1) 1146(1) 
-1149(1) -1150(2) 1151(1) 1163(1) -1165(2) 1166(2) -1167(1) 1173(2) -1174(1) 1175(2) -1177(2) 1181(1) 1182(1) -1186(1) 1187(1) -1189(2) 1193(1) -1195(2) -1198(1) -1203(1) 
-1207(2) -1210(2) 1217(1) -1219(2) 1223(1) 1229(1) -1230(2) -1234(1) -1243(2) 1245(2) 1250(1) -1255(2) -1257(1) 1259(1) 1265(4) -1275(2) 1277(1) -1282(1) 1283(1) -1285(2) 
1289(1) -1293(1) -1294(1) 1298(2) 1301(1) -1306(1) 1307(1) 1310(2) -1315(2) -1318(1) 1319(1) 1325(2) -1329(1) 1331(1) 1334(2) 1335(2) -1345(2) -1347(1) 1353(2) -1354(1) 
-1357(2) 1361(1) 1362(1) -1363(2) -1366(1) 1367(1) 1370(2) 1373(1) -1375(2) -1383(1) 1394(2) 1398(1) -1401(1) -1402(1) -1405(2) 1409(1) -1410(2) -1411(2) 1427(1) 1433(1) 
1434(1) -1437(1) -1438(1) 1439(1) -1441(2) 1445(2) -1450(2) 1451(1) -1465(2) -1473(1) 1475(2) 1479(2) 1481(1) -1486(1) 1487(1) 1490(2) 1493(1) 1499(1) 1506(1) -1507(2) 
-1509(1) 1511(1) -1513(2) 1515(2) -1518(2) -1522(1) 1523(1) -1527(1) -1537(2) 1542(1) -1546(1) 1551(2) 1553(1) -1555(2) 1559(1) 1562(2) -1563(1) 1571(1) 1578(1) 1583(1) 
-1585(2) 1587(1) -1590(2) -1594(1) 1595(4) 1598(2) 1601(1) 1605(2) 1607(1) 1613(1) 1614(1) -1618(1) 1619(1) -1633(2) 1637(1) -1639(2) -1642(1) 1650(2) -1654(1) 1667(1) 
1670(2) -1671(1) -1678(1) -1681(1) 1682(1) 1686(1) -1689(1) 1695(2) 1697(1) -1707(1) 1709(1) -1711(2) -1714(1) -1717(2) 1721(1) -1725(2) -1726(1) 1730(2) 1733(1) -1734(1) 
-1735(2) 1749(2) 1758(1) -1761(1) -1762(1) -1765(2) -1770(2) -1774(1) 1775(2) -1779(1) 1787(1) 1790(2) -1795(2) -1797(1) 1802(2) 1811(1) -1815(2) -1819(2) -1822(1) 1823(1) 
1826(2) -1837(2) 1847(1) -1851(1) -1858(1) 1866(1) -1870(4) 1871(1) 1875(1) 1877(1) -1882(1) 1886(2) 1889(1) -1894(1) 1901(1) 1902(1) -1903(2) -1906(1) 1907(1) -1909(2) 
1910(2) 1913(1) -1914(2) -1915(2) -1921(2) -1923(1) -1927(2) 1931(1) -1941(1) -1942(1) -1945(2) 1947(2) 1949(1) -1954(1) 1955(4) 1958(2) -1959(1) 1965(2) -1966(1) -1969(2) 
1970(2) 1973(1) -1977(1) 1979(1) 1997(1) 2001(2) 2003(1) -2005(2) 2006(2) -2026(1) 2027(1) -2031(1) -2038(1) 2039(1) -2047(2) -2049(1) -2050(2) 2055(2) 2057(2) -2059(2) 
-2062(1) 2063(1) 2069(1) 2075(2) 2081(1) 2082(1) 2087(1) 2091(2) -2095(2) -2098(1) 2099(1) -2101(2) -2103(1) 2111(1) 2118(1) -2122(1) -2125(2) 2129(1) -2130(2) 2141(1) 
2153(1) 2154(1) -2155(2) -2157(1) 2162(2) -2167(2) -2173(2) -2175(2) -2182(1) -2194(1) -2206(1) 2207(1) -2209(1) 2213(1) -2215(2) -2218(1) 2222(2) 2225(2) -2227(2) -2229(1) 
2235(2) 2237(1) 2243(1) -2245(2) 2255(4) 2267(1) 2270(2) 2273(1) -2283(1) 2297(1) 2298(1) -2302(1) -2305(2) 2309(1) -2319(1) -2323(2) -2326(1) -2329(2) 2330(2) 2333(1) 
2334(1) -2335(2) 2339(1) 2343(2) -2346(2) -2350(2) 2351(1) 2354(2) 2357(1) -2362(1) -2374(1) 2378(2) 2381(1) -2386(1) 2390(2) -2391(1) 2393(1) -2395(2) 2397(2) 2399(1) 
2406(1) -2407(2) 2411(1) 2414(2) 2417(1) -2419(2) 2423(1) -2427(1) -2434(1) 2438(2) 2441(1) -2446(1) 2447(1) -2455(2) -2458(1) 2459(1) -2461(2) -2463(1) 2465(4) 2477(1) 
-2481(1) 2486(2) -2490(2) -2491(2) -2497(2) 2505(2) 2510(2) 2514(1) -2515(2) -2517(1) -2518(1) 2523(1) 2525(2) -2530(4) 2531(1) -2533(2) 2543(1) -2545(2) 2549(1) 2550(2) 
-2554(1) -2563(2) -2566(1) 2570(2) -2571(1) -2578(1) 2579(1) -2581(2) 2585(4) 2586(1) -2589(1) 2591(1) 2595(2) -2599(2) -2602(1) -2605(2) 2609(1) -2614(1) 2621(1) -2629(2) 
2630(2) 2633(1) -2638(1) -2643(1) 2645(2) -2650(2) 2657(1) 2658(1) -2661(1) -2662(1) 2663(1) -2670(2) 2675(2) 2685(2) 2687(1) 2690(2) 2693(1) 2694(1) 2699(1) 2703(2) 
-2706(2) 2711(1) 2714(2) -2722(1) 2726(2) 2729(1) -2733(1) -2734(1) 2739(2) 2741(1) -2746(1) 2750(2) 2753(1) -2761(2) 2766(1) -2773(2) 2777(1) 2783(2) -2785(2) -2787(1) 
2789(1) 2801(1) 2802(1) -2805(4) -2809(1) 2810(2) -2815(2) -2818(1) 2819(1) 2822(2) -2823(1) 2825(2) -2827(2) 2829(2) 2837(1) -2839(2) -2841(1) 2843(1) -2845(2) -2854(1) 
-2859(1) 2861(1) 2865(2) -2866(1) 2874(1) -2875(2) -2878(1) 2879(1) 2882(2) -2890(2) -2893(2) 2897(1) -2902(1) 2903(1) 2909(1) -2911(2) -2913(1) 2915(4) 2927(1) -2929(2) 
2930(2) -2931(1) -2935(2) 2937(2) 2939(1) -2941(2) 2946(1) -2949(1) -2950(2) 2955(2) 2957(1) -2958(2) -2959(2) -2962(1) 2963(1) -2965(2) 2969(1) -2974(1) -2986(1) -2995(2) 
-2998(1) 2999(1) 3009(2) 3011(1) -3013(2) 3014(2) 3018(1) -3022(1) 3023(1) -3025(2) 3026(2) -3030(2) -3039(1) 3041(1) -3043(2) -3046(1) 3054(1) -3057(1) 3074(2) -3075(2) 
3083(1) -3085(2) 3089(1) -3091(2) -3093(1) -3102(2) -3103(2) -3106(1) 3110(2) -3118(1) 3119(1) 3125(1) 3126(1) -3127(2) 3137(1) -3142(1) -3147(1) -3151(2) -3166(1) 3167(1) 
3170(2) -3174(1) 3179(2) -3183(1) -3190(4) 3191(1) -3202(1) 3203(1) -3205(2) 3209(1) -3210(2) -3214(1) 3221(1) -3223(2) -3226(1) -3235(2) -3238(1) 3243(2) 3245(4) -3247(2) 
3251(1) 3257(1) -3265(2) 3266(2) -3273(1) -3274(1) 3275(2) -3277(2) 3278(2) -3291(1) -3295(2) 3299(1) -3309(1) 3323(1) -3327(1) 3329(1) 3333(2) -3334(1) 3335(4) -3337(2) 
3342(1) 3347(1) -3349(2) 3359(1) 3362(1) 3371(1) 3378(1) -3385(2) 3389(1) -3390(2) -3394(1) -3403(2) 3405(2) 3407(1) 3413(1) 3414(1) -3415(2) -3418(1) -3421(2) 3422(2) 
3425(2) -3427(2) 3434(2) -3442(1) 3449(1) 3450(2) -3453(1) 3461(1) -3466(1) 3467(1) 3470(2) -3481(1) 3485(4) -3487(2) -3489(1) 3491(1) 3495(2) -3498(2) -3505(2) 3509(2) 
3522(1) -3525(2) 3527(1) 3530(2) 3531(2) 3533(1) 3539(1) -3543(1) -3550(2) 3557(1) 3558(1) -3561(1) 3567(2) -3574(1) -3579(1) 3581(1) 3585(2) 3590(2) 3593(1) 3594(1) 
-3595(2) 3617(1) 3621(2) -3622(1) 3623(1) -3625(2) 3630(2) 3638(2) -3646(1) -3649(2) -3651(1) 3657(2) 3659(1) -3669(1) 3671(1) 3674(2) 3677(1) -3687(1) -3694(1) 3701(1) 
3702(1) -3715(2) 3719(1) 3725(2) 3729(2) -3742(1) -3750(1) -3754(1) 3761(1) -3763(2) 3765(2) 3767(1) -3777(1) -3778(1) 3779(1) -3795(4) 3797(1) -3799(2) -3802(1) 3803(1) 
-3805(2) 3806(2) -3814(1) -3817(2) 3818(2) 3821(1) -3826(1) 3830(2) -3831(1) 3833(1) -3841(2) 3842(2) 3846(1) -3849(1) 3851(1) 3854(2) 3855(2) -3859(2) -3862(1) 3863(1) 
-3865(2) -3867(1) 3881(1) 3882(1) -3883(2) 3890(2) -3894(2) -3898(1) -3901(2) -3903(1) 3905(4) -3910(4) 3911(1) 3917(1) 3918(1) -3921(1) 3923(1) 3929(1) -3930(2) 3938(2) 
3945(2) -3946(1) 3947(1) -3949(2) 3954(1) -3957(1) -3958(1) -3961(2) -3973(2) -3975(2) -3979(2) -3985(2) 3989(1) -3993(1) -3994(1) 3995(4) 4001(1) -4002(2) -4006(1) 4007(1) 
4010(2) 4013(1) 4019(1) 4035(2) -4045(2) 4049(1) -4054(1) 4062(1) -4063(2) 4071(2) 4073(1) -4078(1) 4079(1) -4083(1) 4089(2) 4091(1) 4094(2) 4098(1) -4101(1) -4105(2) 
-4110(2) -4114(2) -4117(2) 4118(2) -4119(1) 4125(2) -4126(1) 4127(1) 4133(1) -4135(2) -4138(1) 4139(1) -4141(2) -4150(2) 4157(1) -4162(1) -4174(1) 4175(2) -4182(2) -4183(2) 
-4189(2) 4190(2) -4195(2) -4198(1) 4202(2) 4205(2) 4206(1) 4211(1) -4213(2) 4215(2) 4217(1) -4222(1) -4227(1) 4229(1) 4233(2) 4241(1) 4250(2) 4253(1) -4258(1) 4259(1) 
-4267(2) 4271(1) -4279(2) -4281(1) -4282(1) 4283(1) -4285(2) 4289(1) -4299(1) 4301(4) -4306(1) 4310(2) 4314(1) -4315(2) -4317(1) -4321(2) 4323(2) 4325(2) 4334(2) -4335(2) 
4337(1) 4346(2) 4349(1) 4350(2) -4353(1) -4369(2) 4373(1) -4387(2) 4391(1) -4393(2) 4395(2) 4397(1) -4399(2) -4405(2) 4409(1) -4411(2) -4414(1) 4418(1) 4421(1) -4425(2) 
-4426(1) 4430(2) -4435(2) -4443(1) -4450(2) 4451(1) 4454(2) 4457(1) 4458(1) -4461(1) 4463(1) -4470(2) -4471(2) -4474(1) 4475(2) -4479(1) 4481(1) -4486(1) 4490(2) 4493(1) 
-4497(1) 4505(4) -4510(4) 4517(1) 4521(2) 4523(1) -4531(2) -4533(1) -4534(1) 4539(2) -4546(1) 4547(1) -4555(2) 4565(4) 4566(1) -4569(1) -4573(2) 4583(1) -4594(1) -4609(2) 
4610(2) 4611(2) -4618(1) -4633(2) 4637(1) 4638(1) 4643(1) -4645(2) 4646(2) 4649(1) 4658(2) -4659(1) 4665(2) -4666(1) 4670(2) 4673(1) -4675(4) -4677(1) -4678(1) 4679(1) 
-4686(2) 4691(1) -4702(1) 4703(1) -4705(2) -4713(1) -4714(1) 4715(4) -4717(2) 4721(1) 4733(1) -4735(2) -4741(2) -4747(2) -4749(1) 4751(1) 4755(2) -4762(1) -4765(2) 4775(2) 
-4777(2) 4782(1) -4785(4) -4786(1) 4787(1) 4790(2) 4793(1) -4794(2) -4798(1) 4799(1) -4803(1) 4814(2) 4817(1) -4821(1) -4822(1) -4834(1) 4838(2) -4839(1) -4843(2) -4846(1) 
4854(1) -4855(2) -4857(1) 4871(1) -4873(2) 4877(1) -4882(1) -4885(2) 4889(1) -4894(1) 4895(4) -4897(2) 4899(2) 4910(2) -4911(1) 4913(1) -4915(2) 4917(2) -4918(1) 4919(1) 
4922(2) 4925(2) 4926(1) -4930(4) 4931(1) 4937(1) -4939(2) 4943(1) -4954(1) 4961(2) 4962(1) 4967(1) 4973(1) -4981(2) 4982(2) 4994(2) -5001(1) 5003(1) 5009(1) -5010(2) 
5015(4) -5017(2) 5021(1) -5029(2) 5030(2) 5034(1) 5039(1) -5041(1) 5043(1) -5046(1) -5050(2) 5051(1) -5062(1) -5065(2) 5066(2) -5071(2) 5081(1) -5086(1) 5087(1) 5090(2) 
-5091(1) -5095(2) -5098(1) 5099(1) -5125(2) 5126(2) -5127(1) 5133(2) -5137(2) 5142(1) 5147(1) 5151(2) 5153(1) -5155(2) -5158(1) 5162(2) -5163(1) -5170(4) 5171(1) 5178(1) 
-5182(1) 5189(1) -5190(2) -5191(2) 5198(2) -5199(1) 5205(2) 5210(2) -5218(1) -5221(2) 5231(1) 5237(1) -5242(1) -5245(2) -5251(2) 5258(2) 5261(1) -5266(1) -5269(2) 5273(1) 
5279(1) 5286(1) -5287(2) -5290(2) 5295(2) 5297(1) 5303(1) -5305(2) 5309(1) -5311(2) -5314(1) 5322(1) -5325(2) -5326(1) 5333(1) -5350(2) 5351(1) -5353(2) -5359(2) -5361(1) 
-5370(2) -5371(2) -5374(1) 5381(1) 5385(2) -5386(1) 5387(1) -5389(2) 5393(1) -5398(1) 5399(1) -5401(2) 5405(4) -5406(2) 5417(1) -5422(1) 5423(4) -5433(1) 5441(1) -5455(2) 
5457(2) -5458(1) 5466(1) -5469(1) 5471(1) 5477(1) -5478(2) -5482(1) 5483(1) -5485(2) -5497(2) 5501(1) -5506(1) 5507(1) 5511(2) -5515(2) 5519(1) 5522(2) 5531(1) -5533(2) 
-5539(2) -5541(1) -5545(2) 5546(2) -5554(1) 5555(4) -5566(2) 5570(2) 5573(1) 5574(1) -5578(1) 5591(1) -5599(2) -5602(1) 5610(4) -5613(1) -5617(2) 5618(1) 5630(2) -5631(1) 
-5638(1) 5639(1) 5646(1) -5650(2) 5651(1) 5654(2) 5657(1) -5658(2) -5667(1) 5669(1) -5671(2) -5674(1) 5675(2) 5678(2) 5682(1) -5686(1) 5687(2) 5690(2) 5693(1) -5703(1) 
5709(2) 5711(1) -5713(2) 5717(1) 5718(1) -5721(1) -5722(1) 5727(2) -5730(2) -5731(2) -5739(1) 5741(1) 5745(2) 5750(2) -5755(2) -5758(1) 5763(2) -5773(2) 5781(2) 5783(1) 
5786(2) -5793(1) -5794(1) 5801(1) -5806(1) 5807(1) 5813(1) -5815(2) -5818(1) 5819(2) 5822(2) 5825(2) 5826(1) -5830(4) 5835(2) 5843(1) -5847(1) 5849(1) -5854(1) 5858(2) 
5861(1) 5862(1) -5865(4) 5867(1) 5870(2) -5874(2) -5875(2) -5878(1) 5879(1) 5882(2) 5885(4) -5893(2) 5897(1) 5898(1) -5899(2) 5903(1) -5905(2) 5907(2) -5910(2) -5911(2) 
-5914(1) 5918(2) -5919(1) -5926(1) 5927(1) 5930(2) -5935(2) -5937(1) -5938(1) 5939(1) 5945(4) -5959(2) -5965(2) 5975(2) 5981(1) 5987(1) -5989(2) 5990(2) -5991(1) -5998(1) 
-6001(2) -6009(1) 6011(1) 6015(2) -6018(2) -6022(1) 6026(2) 6029(1) 6035(4) -6046(1) 6047(1) -6049(2) 6050(2) 6053(1) 6078(1) -6081(1) -6082(1) -6085(2) 6086(2) 6089(1) 
6095(4) 6101(1) -6103(2) -6109(2) 6113(1) 6114(1) -6115(2) -6117(1) -6127(2) 6131(1) 6141(2) 6143(1) -6145(2) 6150(2) -6157(2) -6166(1) 6170(2) -6171(2) 6173(1) 6177(2) 
-6178(1) 6182(2) 6186(1) -6187(2) -6189(1) -6193(2) 6197(1) 6203(1) 6206(2) -6207(1) 6215(4) 6221(1) -6225(2) -6238(1) -6243(1) -6250(1) 6254(2) 6257(1) -6259(2) -6261(1) 
6263(1) 6269(1) -6274(1) 6275(2) 6285(2) 6287(1) 6294(1) -6295(2) -6297(1) 6299(1) 6302(2) 6303(2) 6311(1) -6313(2) 6317(1) -6319(2) 6323(1) -6325(4) 6329(1) -6333(1) 
-6334(1) 6353(1) -6358(2) 6359(1) 6366(1) 6375(2) -6382(1) -6385(2) -6387(1) 6389(1) -6406(1) 6410(2) 6413(2) -6415(2) -6418(1) -6423(1) 6425(2) -6439(2) -6442(1) -6445(2) 
6446(2) 6449(1) -6457(2) -6459(1) -6463(2) 6465(2) 6470(2) 6473(1) -6486(2) -6490(4) 6491(1) 6494(2) 6501(2) -6502(1) -6505(2) -6511(2) -6514(1) 6519(2) 6521(1) -6523(2) 
6530(2) -6535(2) 6546(1) -6550(2) 6551(1) 6554(2) 6563(1) 6569(1) 6575(2) 6581(1) 6582(1) -6583(2) -6589(2) 6590(2) -6595(2) -6598(1) 6599(1) -6613(2) 6618(1) -6621(1) 
-6625(2) 6627(1) -6639(1) 6645(2) -6646(1) 6647(2) 6653(1) 6654(1) -6655(2) -6658(1) 6659(1) -6666(2) -6667(2) -6670(4) 6674(2) -6675(2) 6681(2) 6689(1) -6694(1) 6698(2) 
6701(1) -6711(1) -6718(1) 6719(1) 6725(2) -6729(1) 6735(2) 6737(1) -6739(2) -6742(1) -6757(2) 6761(1) -6765(4) 6770(2) -6778(1) 6779(1) 6785(4) -6787(2) 6791(1) -6801(1) 
6803(1) -6805(2) 6806(2) -6810(2) -6814(1) 6815(4) -6817(2) -6819(1) -6826(1) 6827(1) 6830(2) 6833(1) -6835(2) 6842(2) -6847(2) -6850(2) 6854(2) 6857(1) 6863(1) -6865(2) 
6869(1) 6875(2) -6889(1) -6891(1) -6898(1) 6899(1) 6906(1) 6911(1) 6915(2) 6917(1) -6922(1) -6927(1) -6931(2) -6934(1) -6943(2) 6947(1) 6959(1) 6962(1) 6969(2) -6970(4) 
6971(1) 6974(2) 6977(1) 6978(1) -6982(1) 6983(1) 6987(2) -6990(2) -6999(1) 7001(1) -7003(2) 7005(2) 7010(2) 7013(1) -7017(1) -7018(2) 7019(1) 7025(2) 7043(1) -7045(2) 
7050(2) -7051(2) -7053(1) -7054(1) 7055(4) -7062(2) -7066(1) -7071(1) -7078(1) 7079(1) 7086(1) -7093(2) 7103(1) 7109(1) -7114(1) -7117(2) 7121(1) 7122(1) -7123(2) 7127(1) 
-7134(2) -7135(2) 7139(2) -7143(1) 7151(1) -7153(2) 7158(1) -7162(1) -7165(2) -7170(2) -7171(2) -7179(1) -7183(2) 7185(2) -7186(1) 7187(1) 7190(2) 7193(1) -7195(2) -7197(1) 
7205(4) 7211(1) 7221(2) -7225(2) 7229(1) -7233(1) -7234(1) -7242(2) -7246(1) 7247(1) -7249(2) 7250(2) -7251(1) 7253(1) -7255(2) 7257(2) -7261(2) -7269(1) -7279(2) 7283(1) 
-7291(2) 7298(2) 7302(1) 7307(1) -7314(2) -7318(1) -7323(1) 7325(2) -7327(2) 7331(1) 7337(4) 7338(1) -7339(2) -7341(1) -7342(1) 7349(1) -7354(1) 7365(2) 7374(1) -7375(2) 
-7377(1) 7383(2) -7387(2) -7395(4) -7402(1) -7405(2) 7430(2) -7431(1) 7433(1) -7435(2) -7438(1) -7447(2) -7450(2) 7451(1) -7453(2) 7457(1) -7458(2) -7465(2) 7473(2) 7481(1) 
7487(1) 7491(2) -7495(2) 7499(1) -7513(2) 7517(1) -7522(1) 7523(1) 7526(2) 7529(1) -7530(2) -7531(2) -7534(1) 7535(4) 7541(1) 7545(2) 7547(1) 7554(1) -7555(2) -7558(1) 
7559(1) 7565(4) -7575(2) 7577(1) 7583(1) 7589(1) 7590(4) -7593(1) -7594(1) -7597(2) 7598(2) 7599(2) -7606(1) 7607(1) 7610(2) -7615(2) -7627(2) -7629(1) -7633(2) 7634(2) 
7635(2) -7642(1) 7643(1) -7647(1) 7649(1) 7662(1) -7666(1) 7667(4) 7673(1) 7682(2) 7685(4) 7689(2) 7691(1) 7698(1) -7702(1) 7703(1) -7710(2) -7711(2) 7718(2) -7726(1) 
7727(1) -7729(2) 7730(2) 7734(1) -7737(1) 7743(2) -7755(4) 7757(1) -7762(1) -7765(2) 7766(2) -7773(1) 7775(2) 7793(1) -7795(2) 7797(2) -7801(2) 7802(2) 7806(1) -7810(4) 
7815(2) 7817(1) -7822(1) 7823(1) -7827(1) 7829(1) -7831(2) -7834(1) -7837(2) 7841(1) 7842(1) -7846(1) -7849(2) 7853(1) -7855(2) -7858(1) -7863(1) 7877(1) 7883(1) 7887(2) 
-7890(2) -7894(1) -7897(2) 7898(2) -7899(1) 7901(1) 7907(1) -7909(2) 7914(1) -7915(2) 7919(1) -7921(1) 7922(2) 7925(2) -7935(2) 7937(1) -7939(2) 7946(2) 7949(1) 7950(2) 
7958(2) 7970(2) -7971(1) -7975(4) -7978(1) -7981(2) 7986(1) -7989(1) -7990(4) -8002(1) -8005(2) 8009(1) -8014(1) -8023(2) -8025(2) -8026(1) -8035(2) -8038(1) 8039(1) -8061(1) 
-8065(2) 8069(1) -8070(2) -8077(2) -8079(1) 8081(1) -8083(2) 8087(1) 8090(2) 8093(1) -8095(2) -8097(1) -8098(1) 8111(1) 8117(1) -8119(2) 8123(1) 8126(2) -8131(2) -8133(1) 
-8142(2) -8143(2) -8146(1) 8147(1) -8149(2) -8158(1) 8165(4) 8166(1) 8171(1) -8173(2) -8178(2) -8182(1) -8185(2) -8187(1) 8195(4) 8202(1) 8210(2) 8219(1) -8223(1) 8231(1) 
8234(2) 8237(1) 8238(1) 8243(1) -8250(2) -8254(1) -8257(2) -8259(1) -8266(1) 8270(2) 8273(1) -8278(1) 8282(2) 8283(2) 8291(1) 8297(1) -8314(1) 8319(2) -8331(1) -8335(2) 
-8347(2) -8349(2) -8350(2) 8355(2) 8363(1) 8366(2) -8367(1) 8369(1) -8371(2) 8378(2) 8381(2) -8383(2) 8387(1) 8390(2) -8403(1) 8405(2) -8410(2) -8413(2) -8422(1) 8423(1) 
8426(2) 8427(1) 8429(1) -8430(2) -8434(1) 8445(2) 8447(1) 8454(1) -8457(1) -8458(1) -8466(2) -8475(2) 8481(2) -8482(1) -8485(2) -8497(2) 8501(1) -8503(2) -8506(1) -8511(1) 
8513(1) 8517(2) -8518(1) -8529(1) 8534(2) 8535(2) 8537(1) -8542(1) 8543(1) -8545(2) -8551(2) 8555(4) 8558(2) 8562(1) -8566(1) 8570(2) 8573(1) -8578(1) -8583(1) 8585(4) 
8591(2) 8597(1) 8598(1) -8602(4) -8605(2) 8609(1) 8625(2) 8627(1) 8630(2) 8634(1) -8637(1) 8642(2) -8646(2) -8650(2) -8653(2) 8663(1) -8665(2) 8669(1) 8670(2) -8674(1) 
8675(2) 8679(2) 8681(1) -8691(1) 8693(1) -8698(1) 8699(1) 8706(1) -8709(1) -8727(1) 8733(2) 8738(2) 8741(1) -8745(4) -8746(1) 8747(1) 8753(1) -8767(2) 8774(2) -8781(1) 
-8782(1) 8783(1) 8786(2) 8787(2) 8789(4) -8790(2) -8791(2) -8794(1) 8798(2) 8805(2) 8807(1) -8809(2) 8810(2) -8817(1) -8818(1) 8819(1) 8822(2) 8823(2) 8825(2) 8831(1) 
8837(1) -8842(1) 8849(1) 8850(2) -8851(2) -8857(2) 8861(1) 8867(1) 8870(2) -8871(1) -8875(2) 8877(2) -8881(2) 8886(1) -8889(1) 8895(2) -8899(2) -8902(1) -8907(1) -8914(1) 
8922(1) -8926(1) 8933(1) -8935(2) 8942(2) -8947(2) -8950(2) 8951(1) 8958(1) -8962(1) 8963(1) 8969(1) 8975(2) -8977(2) 8985(2) -8986(1) -8989(2) 8993(2) 8994(1) -8997(1) 
8999(1) -9010(4) 9011(1) -9019(2) 9029(1) -9031(2) -9033(1) -9034(1) 9039(2) 9041(1) -9042(2) -9046(1) -9055(2) 9059(1) 9062(2) 9066(1) -9069(1) 9075(2) -9078(2) -9094(1) 
9095(4) -9097(2) 9110(2) -9115(2) -9123(1) 9129(2) -9130(4) 9137(1) 9138(1) 9146(2) 9161(1) -9166(1) -9169(2) 9173(1) 9185(4) -9193(2) 9203(1) 9209(1) 9218(2) 9221(1) 
-9222(2) -9223(2) 9227(1) -9229(2) -9235(2) 9239(1) -9249(1) 9251(2) 9255(2) 9257(1) -9259(2) 9266(2) -9267(1) 9273(2) -9274(1) 9281(1) -9286(1) 9290(2) 9293(1) -9298(1) 
-9301(2) -9307(2) 9309(2) 9311(1) 9318(1) 9323(1) -9330(2) 9341(1) -9346(1) 9350(4) 9354(1) -9355(2) -9357(1) -9358(1) 9371(1) -9375(1) 9377(1) -9379(2) 9381(2) -9382(1) 
-9385(2) -9406(1) 9410(2) -9411(1) 9413(1) 9419(1) 9426(1) -9427(2) -9430(4) 9431(1) 9434(2) 9437(1) -9442(1) -9445(2) 9453(2) 9461(1) -9466(1) 9467(1) -9469(2) 9470(2) 
9473(1) 9479(1) 9482(2) -9487(2) 9491(1) -9493(2) 9494(2) 9497(1) 9498(1) -9501(1) -9502(1) -9505(2) -9510(2) 9515(4) 9521(1) -9523(2) 9530(2) 9533(1) -9535(2) -9537(2) 
9539(1) 9545(4) -9550(2) 9551(1) -9553(2) 9554(2) -9565(2) 9570(4) -9571(2) -9573(1) -9574(1) 9575(2) -9586(1) 9587(1) -9598(1) 9605(4) 9606(1) -9609(1) 9615(2) 9623(1) 
-9627(1) 9629(1) -9634(1) 9635(4) -9637(2) 9642(1) -9655(2) -9663(1) 9669(2) -9673(2) 9677(1) 9678(1) 9686(2) 9689(1) -9691(2) 9705(2) 9710(2) 9714(1) 9719(1) 9725(2) 
-9727(2) -9735(4) 9741(2) -9742(1) 9743(1) -9745(2) 9746(2) 9749(1) -9753(1) -9754(1) -9757(2) 9767(1) 9770(2) -9771(1) -9775(4) -9778(1) -9790(4) 9791(1) 9794(2) 9795(2) 
-9798(2) -9799(2) 9803(1) 9822(1) -9825(2) -9826(1) 9830(2) 9831(2) 9833(1) -9834(2) -9838(1) 9839(1) 9845(4) -9850(2) 9851(1) -9853(2) 9857(1) -9862(1) -9865(2) -9874(1) 
9878(2) 9885(2) -9886(1) 9887(1) -9895(2) -9897(1) 9911(4) -9913(2) -9922(2) 9923(1) 9929(1) -9934(1) 9941(1) -9946(1) 9962(2) -9969(1) -9979(2) -9985(2) -9987(1) 
